CiprofloxacinLoose,CiprofloxacinStrict,MeropenemLoose,MeropenemStriect
0.12,0.12,8.0,8.0
0.06,0.06,8.0,8.0
0.06,0.06,8.0,8.0
0.06,0.06,8.0,8.0
0.06,0.06,8.0,8.0
0.06,0.06,8.0,8.0
0.06,0.06,8.0,8.0
0.06,0.06,8.0,8.0
0.12,0.12,8.0,8.0
8.0,8.0,1.0,1.0
8.0,8.0,0.5,0.5
0.06,0.06,1.0,1.0
0.06,0.06,1.0,1.0
0.06,0.06,1.0,1.0
0.12,0.12,1.0,1.0
0.06,0.06,16.0,16.0
16.0,16.0,16.0,16.0
0.06,0.06,2.0,2.0
0.06,0.06,2.0,2.0
0.12,0.12,1.0,1.0
0.06,0.06,4.0,4.0
0.06,0.06,16.0,16.0
0.06,0.06,16.0,16.0
0.06,0.06,8.0,8.0
0.12,0.12,8.0,8.0
0.06,0.06,8.0,8.0
0.06,0.06,8.0,8.0
0.06,0.06,8.0,8.0
0.06,0.06,16.0,16.0
8.0,8.0,16.0,16.0
4.0,4.0,1.0,1.0
4.0,4.0,16.0,16.0
0.06,0.06,16.0,16.0
0.06,0.06,16.0,16.0
0.06,0.06,16.0,16.0
0.12,0.12,4.0,4.0
0.12,0.12,2.0,2.0
0.06,0.06,4.0,4.0
0.06,0.06,16.0,16.0
2.0,2.0,16.0,16.0
0.12,0.12,16.0,16.0
0.12,0.12,16.0,16.0
8.0,8.0,16.0,16.0
0.06,0.06,16.0,16.0
0.06,0.06,16.0,16.0
0.12,0.12,16.0,16.0
8.0,8.0,16.0,16.0
0.06,0.06,16.0,16.0
0.06,0.06,16.0,16.0
8.0,8.0,16.0,16.0
0.06,0.06,16.0,16.0
0.12,0.12,16.0,16.0
0.12,0.12,16.0,16.0
0.06,0.06,1.0,1.0
2.0,2.0,16.0,16.0
0.06,0.06,16.0,16.0
0.06,0.06,16.0,16.0
0.06,0.06,16.0,16.0
0.06,0.06,16.0,16.0
0.12,0.12,16.0,16.0
0.06,0.06,16.0,16.0
0.06,0.06,16.0,16.0
0.12,0.12,16.0,16.0
0.06,0.06,16.0,16.0
0.12,0.12,16.0,16.0
0.06,0.06,16.0,16.0
0.06,0.06,16.0,16.0
0.06,0.06,16.0,16.0
0.06,0.06,16.0,16.0
4.0,4.0,16.0,16.0
0.12,0.12,0.5,0.5
0.12,0.12,0.5,0.5
0.06,0.06,0.5,0.5
0.06,0.06,2.0,2.0
0.12,0.12,0.5,0.5
0.06,0.06,0.25,0.25
4.0,4.0,1.0,1.0
0.25,0.25,2.0,2.0
0.12,0.12,1.0,1.0
0.06,0.06,16.0,16.0
0.06,0.06,16.0,16.0
0.12,0.12,16.0,16.0
0.06,0.06,16.0,16.0
8.0,8.0,16.0,16.0
0.06,0.06,16.0,16.0
0.06,0.06,4.0,4.0
16.0,16.0,16.0,16.0
0.06,0.06,16.0,16.0
0.06,0.06,16.0,16.0
0.06,0.06,16.0,16.0
0.06,0.06,0.25,0.25
4.0,4.0,1.0,1.0
8.0,8.0,0.25,0.25
0.06,0.06,1.0,1.0
8.0,8.0,0.5,0.5
0.06,0.06,16.0,16.0
4.0,4.0,0.25,0.25
0.06,0.06,0.25,0.25
0.06,0.06,1.0,1.0
8.0,8.0,0.25,0.25
8.0,8.0,16.0,16.0
0.06,0.06,16.0,16.0
0.12,0.12,16.0,16.0
0.06,0.06,1.0,1.0
0.12,0.12,1.0,1.0
0.06,0.06,1.0,1.0
4.0,4.0,1.0,1.0
8.0,8.0,1.0,1.0
4.0,4.0,16.0,16.0
0.06,0.06,1.0,1.0
0.12,0.12,0.25,0.25
8.0,8.0,1.0,1.0
0.06,0.06,1.0,1.0
0.06,0.06,2.0,2.0
8.0,8.0,0.25,0.25
0.06,0.06,1.0,1.0
0.25,0.25,1.0,1.0
0.06,0.06,0.25,0.25
0.12,0.12,1.0,1.0
4.0,4.0,0.5,0.5
0.12,0.12,0.25,0.25
0.06,0.06,0.25,0.25
0.06,0.06,0.5,0.5
0.06,0.06,2.0,2.0
0.06,0.06,0.5,0.5
8.0,8.0,0.25,0.25
0.06,0.06,0.5,0.5
4.0,4.0,2.0,2.0
0.06,0.06,0.5,0.5
0.06,0.06,1.0,1.0
0.06,0.06,1.0,1.0
0.06,0.06,16.0,16.0
0.06,0.06,1.0,1.0
0.06,0.06,16.0,16.0
8.0,8.0,16.0,16.0
0.06,0.06,16.0,16.0
0.06,0.06,16.0,16.0
4.0,4.0,16.0,16.0
0.06,0.06,16.0,16.0
0.12,0.12,1.0,1.0
0.06,0.06,0.5,0.5
0.06,0.06,0.25,0.25
4.0,4.0,1.0,1.0
8.0,8.0,1.0,1.0
0.25,0.25,2.0,2.0
2.0,2.0,1.0,1.0
0.06,0.06,1.0,1.0
0.12,0.12,0.25,0.25
8.0,8.0,1.0,1.0
0.06,0.06,0.5,0.5
0.12,0.12,1.0,1.0
0.06,0.06,0.5,0.5
8.0,8.0,1.0,1.0
0.06,0.06,1.0,1.0
0.06,0.06,0.25,0.25
0.06,0.06,2.0,2.0
0.06,0.06,16.0,16.0
0.06,0.06,0.25,0.25
8.0,8.0,2.0,2.0
0.06,0.06,0.5,0.5
0.06,0.06,0.25,0.25
0.06,0.06,2.0,2.0
0.06,0.06,2.0,2.0
0.06,0.06,2.0,2.0
4.0,4.0,2.0,2.0
0.12,0.12,2.0,2.0
1.0,1.0,1.0,1.0
0.06,0.06,2.0,2.0
0.12,0.12,1.0,1.0
0.25,0.25,0.25,0.25
0.12,0.12,1.0,1.0
0.06,0.06,0.5,0.5
8.0,8.0,0.5,0.5
0.12,0.12,1.0,1.0
0.06,0.06,1.0,1.0
0.25,0.25,1.0,1.0
0.06,0.06,0.5,0.5
0.06,0.06,1.0,1.0
0.06,0.06,1.0,1.0
0.06,0.06,2.0,2.0
0.06,0.06,0.5,0.5
0.06,0.06,2.0,2.0
0.06,0.06,0.25,0.25
4.0,4.0,1.0,1.0
0.12,0.12,0.5,0.5
0.06,0.06,1.0,1.0
0.12,0.12,1.0,1.0
4.0,4.0,1.0,1.0
0.06,0.06,0.5,0.5
0.06,0.06,1.0,1.0
4.0,4.0,2.0,2.0
0.06,0.06,4.0,4.0
0.06,0.06,1.0,1.0
0.06,0.06,1.0,1.0
0.06,0.06,0.25,0.25
0.06,0.06,2.0,2.0
0.06,0.06,1.0,1.0
0.06,0.06,1.0,1.0
0.06,0.06,16.0,16.0
0.06,0.06,0.25,0.25
0.06,0.06,2.0,2.0
0.12,0.12,0.25,0.25
0.06,0.06,1.0,1.0
0.06,0.06,16.0,16.0
0.06,0.06,1.0,1.0
0.12,0.12,2.0,2.0
4.0,4.0,1.0,1.0
0.06,0.06,1.0,1.0
0.06,0.06,16.0,16.0
0.06,0.06,0.5,0.5
0.06,0.06,0.25,0.25
0.06,0.06,1.0,1.0
0.06,0.06,1.0,1.0
0.06,0.06,1.0,1.0
0.06,0.06,1.0,1.0
0.12,0.12,0.25,0.25
0.06,0.06,1.0,1.0
0.06,0.06,16.0,16.0
0.12,0.12,1.0,1.0
0.06,0.06,1.0,1.0
0.06,0.06,0.25,0.25
0.06,0.06,1.0,1.0
8.0,8.0,16.0,16.0
0.06,0.06,8.0,8.0
0.12,0.12,8.0,8.0
0.06,0.06,8.0,8.0
0.06,0.06,8.0,8.0
0.12,0.12,8.0,8.0
0.06,0.06,8.0,8.0
0.06,0.06,8.0,8.0
8.0,8.0,8.0,8.0
4.0,4.0,8.0,8.0
0.12,0.12,8.0,8.0
0.06,0.06,8.0,8.0
0.06,0.06,8.0,8.0
4.0,4.0,8.0,8.0
0.06,0.06,8.0,8.0
0.06,0.06,8.0,8.0
0.06,0.06,8.0,8.0
0.25,0.25,8.0,8.0
0.06,0.06,8.0,8.0
8.0,8.0,8.0,8.0
0.12,0.12,2.0,2.0
0.06,0.06,8.0,8.0
0.06,0.06,8.0,8.0
4.0,4.0,8.0,8.0
0.06,0.06,8.0,8.0
0.06,0.06,8.0,8.0
0.06,0.06,8.0,8.0
0.06,0.06,8.0,8.0
0.06,0.06,8.0,8.0
0.06,0.06,8.0,8.0
8.0,8.0,8.0,8.0
0.06,0.06,8.0,8.0
0.06,0.06,8.0,8.0
0.06,0.06,8.0,8.0
0.06,0.06,8.0,8.0
0.12,0.12,8.0,8.0
0.12,0.12,8.0,8.0
0.25,0.25,2.0,2.0
16.0,16.0,8.0,8.0
0.06,0.06,8.0,8.0
4.0,4.0,16.0,16.0
0.06,0.06,16.0,16.0
4.0,4.0,16.0,16.0
0.06,0.06,16.0,16.0
0.06,0.06,16.0,16.0
0.06,0.06,16.0,16.0
0.06,0.06,16.0,16.0
8.0,8.0,0.12,0.12
0.06,0.06,0.12,0.12
8.0,8.0,8.0,8.0
0.06,0.06,0.25,0.25
0.06,0.06,16.0,16.0
0.25,0.25,4.0,4.0
0.06,0.06,8.0,8.0
0.06,0.06,0.25,0.25
0.06,0.06,8.0,8.0
0.06,0.06,8.0,8.0
0.06,0.06,4.0,4.0
0.06,0.06,0.12,0.12
0.12,0.12,8.0,8.0
0.06,0.06,4.0,4.0
0.06,0.06,4.0,4.0
16.0,16.0,0.25,0.25
0.12,0.12,8.0,8.0
0.12,0.12,8.0,8.0
0.12,0.12,8.0,8.0
0.12,0.12,0.5,0.5
0.06,0.06,8.0,8.0
0.06,0.06,8.0,8.0
0.06,0.06,4.0,4.0
16.0,16.0,8.0,8.0
8.0,8.0,8.0,8.0
0.06,0.06,8.0,8.0
0.12,0.12,8.0,8.0
0.06,0.06,8.0,8.0
8.0,8.0,0.25,0.25
0.06,0.06,0.12,0.12
4.0,4.0,8.0,8.0
0.06,0.06,8.0,8.0
0.12,0.12,0.25,0.25
0.06,0.06,0.12,0.12
0.06,0.06,1.0,1.0
0.12,0.12,8.0,8.0
0.12,0.12,0.12,0.12
0.06,0.06,8.0,8.0
0.06,0.06,8.0,8.0
4.0,4.0,4.0,4.0
8.0,8.0,8.0,8.0
0.06,0.06,1.0,1.0
0.06,0.06,0.12,0.12
0.06,0.06,0.5,0.5
0.06,0.06,4.0,4.0
0.06,0.06,0.12,0.12
4.0,4.0,0.12,0.12
0.06,0.06,0.12,0.12
0.06,0.06,1.0,1.0
8.0,8.0,0.25,0.25
0.06,0.06,0.25,0.25
0.06,0.06,0.12,0.12
0.06,0.06,0.12,0.12
8.0,8.0,0.25,0.25
0.06,0.06,0.5,0.5
16.0,16.0,0.25,0.25
0.06,0.06,0.25,0.25
0.12,0.12,0.25,0.25
0.06,0.06,0.25,0.25
4.0,4.0,0.25,0.25
0.06,0.06,0.25,0.25
0.06,0.06,0.5,0.5
0.12,0.12,0.5,0.5
0.06,0.06,0.25,0.25
0.12,0.12,0.25,0.25
0.06,0.06,0.25,0.25
0.12,0.12,16.0,16.0
8.0,8.0,16.0,16.0
0.12,0.12,8.0,8.0
0.06,0.06,8.0,8.0
0.06,0.06,16.0,16.0
8.0,8.0,8.0,8.0
0.06,0.06,0.25,0.25
0.06,0.06,8.0,8.0
0.12,0.12,16.0,16.0
8.0,8.0,0.12,0.12
0.06,0.06,0.12,0.12
0.06,0.06,0.12,0.12
0.06,0.06,0.12,0.12
0.12,0.12,0.12,0.12
0.12,0.12,0.12,0.12
0.06,0.06,0.12,0.12
0.06,0.06,0.12,0.12
0.06,0.06,8.0,8.0
0.06,0.06,0.12,0.12
0.06,0.06,0.12,0.12
0.06,0.06,0.12,0.12
0.06,0.06,1.0,1.0
0.12,0.12,8.0,8.0
0.06,0.06,0.5,0.5
0.06,0.06,8.0,8.0
0.06,0.06,0.12,0.12
0.12,0.12,0.12,0.12
0.06,0.06,0.12,0.12
0.06,0.06,0.12,0.12
0.12,0.12,0.12,0.12
4.0,4.0,16.0,16.0
0.06,0.06,0.25,0.25
0.06,0.06,0.25,0.25
4.0,4.0,0.25,0.25
4.0,4.0,0.25,0.25
0.06,0.06,0.25,0.25
4.0,4.0,0.25,0.25
0.06,0.06,0.25,0.25
0.06,0.06,0.25,0.25
0.12,0.12,0.25,0.25
0.12,0.12,0.25,0.25
0.12,0.12,0.25,0.25
0.06,0.06,4.0,4.0
0.06,0.06,16.0,16.0
4.0,4.0,0.25,0.25
0.06,0.06,0.25,0.25
0.06,0.06,0.25,0.25
8.0,8.0,0.25,0.25
0.12,0.12,0.25,0.25
0.06,0.06,0.25,0.25
0.06,0.06,0.25,0.25
0.12,0.12,0.25,0.25
0.06,0.06,0.25,0.25
4.0,4.0,0.25,0.25
0.06,0.06,0.25,0.25
0.06,0.06,0.25,0.25
0.06,0.06,0.25,0.25
0.06,0.06,0.25,0.25
0.12,0.12,0.25,0.25
0.06,0.06,0.25,0.25
0.12,0.12,0.25,0.25
0.12,0.12,0.25,0.25
0.06,0.06,0.25,0.25
0.06,0.06,0.25,0.25
0.06,0.06,0.25,0.25
0.12,0.12,0.25,0.25
0.06,0.06,0.25,0.25
0.12,0.12,0.25,0.25
0.06,0.06,0.25,0.25
0.06,0.06,0.25,0.25
8.0,8.0,0.25,0.25
0.06,0.06,0.25,0.25
0.06,0.06,0.25,0.25
0.06,0.06,0.25,0.25
0.06,0.06,0.25,0.25
0.12,0.12,0.25,0.25
0.06,0.06,0.25,0.25
8.0,8.0,0.25,0.25
0.06,0.06,0.25,0.25
0.06,0.06,0.25,0.25
0.06,0.06,0.25,0.25
0.06,0.06,0.25,0.25
0.06,0.06,0.25,0.25
0.06,0.06,0.25,0.25
0.06,0.06,0.25,0.25
0.06,0.06,0.25,0.25
0.06,0.06,0.25,0.25
8.0,8.0,0.25,0.25
0.06,0.06,0.25,0.25
0.06,0.06,0.25,0.25
8.0,8.0,0.25,0.25
0.12,0.12,16.0,16.0
4.0,4.0,0.25,0.25
0.06,0.06,0.25,0.25
0.06,0.06,0.25,0.25
0.12,0.12,0.25,0.25
0.06,0.06,0.25,0.25
0.06,0.06,0.25,0.25
0.25,0.25,0.25,0.25
0.06,0.06,0.25,0.25
0.06,0.06,0.25,0.25
0.06,0.06,0.5,0.5
0.06,0.06,0.12,0.12
0.12,0.12,0.25,0.25
0.06,0.06,0.25,0.25
0.06,0.06,0.25,0.25
0.12,0.12,0.25,0.25
0.06,0.06,0.25,0.25
0.06,0.06,0.25,0.25
0.25,0.25,0.25,0.25
0.12,0.12,0.25,0.25
0.06,0.06,0.25,0.25
0.06,0.06,0.25,0.25
0.12,0.12,0.25,0.25
2.0,2.0,0.25,0.25
0.06,0.06,0.25,0.25
0.12,0.12,0.25,0.25
0.06,0.06,0.25,0.25
0.06,0.06,0.25,0.25
0.12,0.12,16.0,16.0
0.06,0.06,16.0,16.0
8.0,8.0,0.25,0.25
2.0,2.0,0.25,0.25
0.12,0.12,0.25,0.25
0.06,0.06,0.25,0.25
0.06,0.06,0.25,0.25
0.06,0.06,16.0,16.0
0.06,0.06,0.25,0.25
0.06,0.06,0.25,0.25
8.0,8.0,0.25,0.25
0.06,0.06,0.25,0.25
0.25,0.25,0.25,0.25
4.0,4.0,0.25,0.25
0.06,0.06,0.25,0.25
0.06,0.06,16.0,16.0
0.06,0.06,4.0,4.0
0.06,0.06,0.25,0.25
0.06,0.06,0.25,0.25
8.0,8.0,0.25,0.25
0.06,0.06,8.0,8.0
0.06,0.06,8.0,8.0
0.06,0.06,0.12,0.12
16.0,16.0,0.12,0.12
0.06,0.06,0.12,0.12
0.06,0.06,0.12,0.12
0.06,0.06,0.12,0.12
16.0,16.0,4.0,4.0
0.06,0.06,8.0,8.0
0.06,0.06,0.12,0.12
64.0,64.0,8.0,8.0
16.0,16.0,1.0,1.0
0.06,0.06,0.12,0.12
64.0,64.0,0.12,0.12
0.06,0.06,8.0,8.0
4.0,4.0,4.0,4.0
0.06,0.06,0.12,0.12
0.06,0.06,1.0,1.0
32.0,32.0,4.0,4.0
8.0,8.0,0.12,0.12
16.0,16.0,0.12,0.12
16.0,16.0,8.0,8.0
0.06,0.06,0.12,0.12
0.06,0.06,4.0,4.0
1.0,1.0,8.0,8.0
0.06,0.06,0.12,0.12
2.0,2.0,0.12,0.12
2.0,2.0,0.12,0.12
16.0,16.0,0.12,0.12
4.0,4.0,0.12,0.12
16.0,16.0,1.0,1.0
4.0,4.0,0.25,0.25
8.0,8.0,0.25,0.25
16.0,16.0,0.25,0.25
4.0,4.0,0.25,0.25
16.0,16.0,0.25,0.25
16.0,16.0,0.12,0.12
32.0,32.0,0.25,0.25
4.0,4.0,0.12,0.12
0.06,0.06,0.12,0.12
64.0,64.0,0.12,0.12
16.0,16.0,0.12,0.12
16.0,16.0,0.12,0.12
16.0,16.0,1.0,1.0
4.0,4.0,0.12,0.12
16.0,16.0,4.0,4.0
16.0,16.0,0.12,0.12
16.0,16.0,1.0,1.0
16.0,16.0,4.0,4.0
32.0,32.0,0.12,0.12
16.0,16.0,0.12,0.12
16.0,16.0,0.12,0.12
4.0,4.0,0.25,0.25
16.0,16.0,0.25,0.25
16.0,16.0,0.25,0.25
16.0,16.0,0.25,0.25
0.06,0.06,0.25,0.25
16.0,16.0,0.25,0.25
16.0,16.0,0.25,0.25
16.0,16.0,0.25,0.25
8.0,8.0,0.25,0.25
16.0,16.0,0.25,0.25
16.0,16.0,0.25,0.25
0.06,0.06,0.25,0.25
16.0,16.0,0.25,0.25
16.0,16.0,0.25,0.25
8.0,8.0,0.25,0.25
0.06,0.06,0.25,0.25
0.06,0.06,0.25,0.25
8.0,8.0,0.25,0.25
32.0,32.0,0.25,0.25
4.0,4.0,0.25,0.25
0.06,0.06,0.25,0.25
16.0,16.0,0.25,0.25
16.0,16.0,0.25,0.25
0.06,0.06,0.25,0.25
16.0,16.0,0.25,0.25
0.06,0.06,0.25,0.25
0.06,0.06,0.25,0.25
0.06,0.06,0.25,0.25
0.06,0.06,0.25,0.25
0.06,0.06,0.25,0.25
0.06,0.06,0.25,0.25
0.06,0.06,0.25,0.25
0.06,0.06,0.25,0.25
16.0,16.0,0.25,0.25
16.0,16.0,0.25,0.25
16.0,16.0,0.25,0.25
16.0,16.0,0.25,0.25
16.0,16.0,0.25,0.25
16.0,16.0,0.25,0.25
16.0,16.0,0.25,0.25
16.0,16.0,0.25,0.25
16.0,16.0,0.25,0.25
16.0,16.0,0.25,0.25
16.0,16.0,0.25,0.25
16.0,16.0,0.25,0.25
4.0,4.0,0.25,0.25
0.06,0.06,0.25,0.25
0.06,0.06,0.25,0.25
0.06,0.06,0.25,0.25
16.0,16.0,0.25,0.25
16.0,16.0,0.25,0.25
0.06,0.06,0.25,0.25
0.06,0.06,0.25,0.25
16.0,16.0,0.25,0.25
0.06,0.06,0.25,0.25
0.06,0.06,0.25,0.25
4.0,4.0,0.25,0.25
0.06,0.06,0.25,0.25
0.06,0.06,0.25,0.25
4.0,4.0,0.25,0.25
4.0,4.0,0.25,0.25
16.0,16.0,0.25,0.25
16.0,16.0,0.25,0.25
4.0,4.0,0.25,0.25
16.0,16.0,0.25,0.25
4.0,4.0,0.25,0.25
0.06,0.06,0.25,0.25
16.0,16.0,0.25,0.25
16.0,16.0,0.25,0.25
16.0,16.0,0.25,0.25
16.0,16.0,0.25,0.25
4.0,4.0,0.25,0.25
0.06,0.06,0.25,0.25
0.06,0.06,0.25,0.25
8.0,8.0,0.25,0.25
8.0,8.0,4.0,4.0
0.06,0.06,8.0,8.0
0.06,0.06,4.0,4.0
0.06,0.06,8.0,8.0
0.06,0.06,8.0,8.0
0.06,0.06,8.0,8.0
0.06,0.06,16.0,16.0
0.06,0.06,8.0,8.0
16.0,16.0,8.0,8.0
8.0,8.0,8.0,8.0
16.0,16.0,8.0,8.0
0.06,0.06,4.0,4.0
16.0,16.0,8.0,8.0
8.0,8.0,8.0,8.0
16.0,16.0,4.0,4.0
16.0,16.0,8.0,8.0
8.0,8.0,8.0,8.0
16.0,16.0,0.12,0.12
8.0,8.0,0.25,0.25
8.0,8.0,0.12,0.12
16.0,16.0,4.0,4.0
8.0,8.0,8.0,8.0
16.0,16.0,8.0,8.0
16.0,16.0,4.0,4.0
32.0,32.0,8.0,8.0
32.0,32.0,8.0,8.0
32.0,32.0,8.0,8.0
16.0,16.0,8.0,8.0
0.06,0.06,8.0,8.0
0.06,0.06,8.0,8.0
0.06,0.06,0.25,0.25
16.0,16.0,0.25,0.25
0.06,0.06,0.25,0.25
0.06,0.06,0.25,0.25
0.06,0.06,0.25,0.25
0.06,0.06,0.25,0.25
0.06,0.06,0.25,0.25
0.06,0.06,0.25,0.25
0.06,0.06,0.25,0.25
0.06,0.06,16.0,16.0
0.06,0.06,0.25,0.25
0.12,0.12,0.25,0.25
64.0,64.0,0.25,0.25
32.0,32.0,0.25,0.25
1.0,1.0,16.0,16.0
0.06,0.06,16.0,16.0
0.06,0.06,0.25,0.25
32.0,32.0,0.25,0.25
32.0,32.0,0.25,0.25
32.0,32.0,0.25,0.25
32.0,32.0,0.25,0.25
32.0,32.0,0.25,0.25
8.0,8.0,0.25,0.25
2.0,2.0,0.25,0.25
0.06,0.06,0.25,0.25
0.06,0.06,0.25,0.25
0.06,0.06,0.25,0.25
0.06,0.06,16.0,16.0
0.06,0.06,0.25,0.25
0.06,0.06,0.25,0.25
0.06,0.06,0.25,0.25
0.06,0.06,0.25,0.25
0.06,0.06,16.0,16.0
0.06,0.06,0.25,0.25
0.06,0.06,16.0,16.0
0.06,0.06,0.25,0.25
0.06,0.06,16.0,16.0
0.06,0.06,16.0,16.0
0.06,0.06,0.25,0.25
0.06,0.06,0.25,0.25
0.06,0.06,0.25,0.25
0.06,0.06,0.25,0.25
0.06,0.06,0.25,0.25
0.06,0.06,0.25,0.25
0.06,0.06,16.0,16.0
0.06,0.06,0.25,0.25
0.06,0.06,0.25,0.25
0.06,0.06,16.0,16.0
0.06,0.06,0.25,0.25
0.06,0.06,0.25,0.25
0.06,0.06,0.25,0.25
0.06,0.06,0.25,0.25
0.06,0.06,0.25,0.25
0.06,0.06,0.25,0.25
0.06,0.06,16.0,16.0
0.06,0.06,0.25,0.25
0.06,0.06,0.25,0.25
0.06,0.06,0.25,0.25
0.06,0.06,0.25,0.25
0.06,0.06,0.25,0.25
0.06,0.06,0.25,0.25
0.06,0.06,0.25,0.25
0.06,0.06,0.25,0.25
0.06,0.06,0.25,0.25
0.06,0.06,16.0,16.0
0.06,0.06,0.25,0.25
0.06,0.06,0.25,0.25
0.06,0.06,0.25,0.25
0.06,0.06,0.25,0.25
0.06,0.06,0.25,0.25
0.06,0.06,0.25,0.25
0.06,0.06,0.25,0.25
0.06,0.06,16.0,16.0
0.06,0.06,0.25,0.25
0.06,0.06,0.25,0.25
0.06,0.06,0.25,0.25
0.06,0.06,0.25,0.25
0.06,0.06,0.25,0.25
0.06,0.06,0.25,0.25
0.06,0.06,0.25,0.25
0.06,0.06,0.25,0.25
0.06,0.06,0.25,0.25
0.06,0.06,0.25,0.25
0.06,0.06,0.25,0.25
0.06,0.06,0.25,0.25
0.06,0.06,0.25,0.25
0.06,0.06,0.25,0.25
0.06,0.06,0.25,0.25
0.06,0.06,0.25,0.25
0.06,0.06,0.25,0.25
0.06,0.06,0.25,0.25
0.06,0.06,0.25,0.25
0.06,0.06,16.0,16.0
0.06,0.06,0.25,0.25
0.06,0.06,0.25,0.25
0.06,0.06,16.0,16.0
0.06,0.06,0.25,0.25
0.06,0.06,16.0,16.0
0.06,0.06,0.25,0.25
0.06,0.06,16.0,16.0
0.06,0.06,0.25,0.25
0.06,0.06,16.0,16.0
0.06,0.06,0.25,0.25
0.06,0.06,0.25,0.25
0.06,0.06,0.25,0.25
0.06,0.06,0.25,0.25
0.06,0.06,0.25,0.25
0.06,0.06,0.25,0.25
0.06,0.06,0.25,0.25
0.06,0.06,0.25,0.25
0.06,0.06,0.25,0.25
0.06,0.06,0.25,0.25
0.06,0.06,0.25,0.25
0.06,0.06,16.0,16.0
0.06,0.06,0.25,0.25
0.06,0.06,0.25,0.25
0.06,0.06,0.25,0.25
0.06,0.06,0.25,0.25
0.06,0.06,0.25,0.25
0.06,0.06,0.25,0.25
0.06,0.06,8.0,8.0
0.06,0.06,32.0,32.0
0.06,0.06,8.0,8.0
0.06,0.06,32.0,32.0
0.06,0.06,32.0,32.0
0.06,0.06,8.0,8.0
0.06,0.06,4.0,4.0
0.06,0.06,32.0,32.0
0.06,0.06,32.0,32.0
0.06,0.06,32.0,32.0
0.06,0.06,32.0,32.0
0.06,0.06,16.0,16.0
0.06,0.06,8.0,8.0
0.06,0.06,32.0,32.0
0.06,0.06,32.0,32.0
0.06,0.06,4.0,4.0
0.06,0.06,32.0,32.0
0.06,0.06,4.0,4.0
0.06,0.06,8.0,8.0
0.06,0.06,32.0,32.0
0.06,0.06,32.0,32.0
0.06,0.06,4.0,4.0
0.06,0.06,0.25,0.25
0.06,0.06,1.0,1.0
0.06,0.06,4.0,4.0
0.06,0.06,8.0,8.0
0.06,0.06,8.0,8.0
0.06,0.06,8.0,8.0
0.06,0.06,8.0,8.0
0.06,0.06,8.0,8.0
0.06,0.06,4.0,4.0
0.06,0.06,8.0,8.0
0.06,0.06,16.0,16.0
0.06,0.06,16.0,16.0
0.06,0.06,4.0,4.0
0.06,0.06,4.0,4.0
0.06,0.06,0.5,0.5
0.06,0.06,4.0,4.0
0.06,0.06,0.25,0.25
0.06,0.06,0.25,0.25
0.06,0.06,16.0,16.0
0.06,0.06,16.0,16.0
0.06,0.06,16.0,16.0
0.06,0.06,16.0,16.0
0.06,0.06,16.0,16.0
0.06,0.06,4.0,4.0
0.06,0.06,4.0,4.0
0.06,0.06,4.0,4.0
0.06,0.06,8.0,8.0
0.06,0.06,8.0,8.0
0.06,0.06,8.0,8.0
0.06,0.06,8.0,8.0
0.06,0.06,8.0,8.0
0.06,0.06,8.0,8.0
0.06,0.06,8.0,8.0
0.06,0.06,8.0,8.0
0.06,0.06,8.0,8.0
0.06,0.06,8.0,8.0
0.06,0.06,8.0,8.0
0.06,0.06,8.0,8.0
0.06,0.06,0.25,0.25
0.06,0.06,8.0,8.0
0.06,0.06,8.0,8.0
0.06,0.06,8.0,8.0
0.06,0.06,4.0,4.0
0.06,0.06,8.0,8.0
0.06,0.06,8.0,8.0
0.06,0.06,8.0,8.0
0.06,0.06,4.0,4.0
0.06,0.06,8.0,8.0
0.06,0.06,8.0,8.0
0.06,0.06,8.0,8.0
0.06,0.06,8.0,8.0
0.06,0.06,8.0,8.0
0.06,0.06,8.0,8.0
0.06,0.06,8.0,8.0
0.06,0.06,0.12,0.12
0.06,0.06,8.0,8.0
0.06,0.06,8.0,8.0
0.06,0.06,8.0,8.0
0.06,0.06,8.0,8.0
0.06,0.06,8.0,8.0
0.06,0.06,0.12,0.12
0.06,0.06,8.0,8.0
0.06,0.06,8.0,8.0
0.06,0.06,8.0,8.0
0.06,0.06,8.0,8.0
0.06,0.06,8.0,8.0
0.06,0.06,8.0,8.0
0.06,0.06,8.0,8.0
0.06,0.06,8.0,8.0
0.06,0.06,8.0,8.0
0.06,0.06,8.0,8.0
0.06,0.06,8.0,8.0
0.06,0.06,8.0,8.0
0.06,0.06,8.0,8.0
0.06,0.06,8.0,8.0
0.06,0.06,4.0,4.0
0.06,0.06,8.0,8.0
0.06,0.06,8.0,8.0
0.06,0.06,4.0,4.0
0.06,0.06,4.0,4.0
0.06,0.06,8.0,8.0
0.06,0.06,8.0,8.0
0.06,0.06,8.0,8.0
0.06,0.06,8.0,8.0
0.06,0.06,8.0,8.0
0.06,0.06,8.0,8.0
0.06,0.06,8.0,8.0
0.06,0.06,8.0,8.0
0.06,0.06,8.0,8.0
0.06,0.06,8.0,8.0
0.06,0.06,1.0,1.0
0.06,0.06,8.0,8.0
0.06,0.06,8.0,8.0
0.06,0.06,0.12,0.12
0.06,0.06,8.0,8.0
0.06,0.06,4.0,4.0
0.06,0.06,8.0,8.0
0.06,0.06,8.0,8.0
0.06,0.06,8.0,8.0
0.06,0.06,8.0,8.0
0.06,0.06,8.0,8.0
0.06,0.06,8.0,8.0
0.06,0.06,8.0,8.0
0.06,0.06,4.0,4.0
0.06,0.06,8.0,8.0
0.06,0.06,8.0,8.0
0.06,0.06,8.0,8.0
0.06,0.06,8.0,8.0
0.06,0.06,8.0,8.0
0.06,0.06,8.0,8.0
0.06,0.06,8.0,8.0
0.06,0.06,0.12,0.12
0.06,0.06,8.0,8.0
0.06,0.06,8.0,8.0
0.06,0.06,4.0,4.0
0.06,0.06,8.0,8.0
0.06,0.06,8.0,8.0
0.06,0.06,8.0,8.0
0.06,0.06,8.0,8.0
0.06,0.06,8.0,8.0
0.06,0.06,0.12,0.12
0.06,0.06,8.0,8.0
0.06,0.06,8.0,8.0
0.06,0.06,8.0,8.0
0.06,0.06,8.0,8.0
0.06,0.06,8.0,8.0
0.06,0.06,8.0,8.0
0.06,0.06,8.0,8.0
0.06,0.06,8.0,8.0
0.06,0.06,4.0,4.0
0.06,0.06,4.0,4.0
0.06,0.06,8.0,8.0
0.06,0.06,8.0,8.0
0.06,0.06,4.0,4.0
0.06,0.06,8.0,8.0
0.06,0.06,4.0,4.0
0.06,0.06,0.12,0.12
0.06,0.06,8.0,8.0
0.06,0.06,4.0,4.0
0.06,0.06,8.0,8.0
0.06,0.06,8.0,8.0
0.06,0.06,0.5,0.5
0.06,0.06,0.25,0.25
0.06,0.06,0.12,0.12
0.06,0.06,8.0,8.0
0.06,0.06,8.0,8.0
0.06,0.06,8.0,8.0
0.06,0.06,8.0,8.0
0.06,0.06,8.0,8.0
0.06,0.06,8.0,8.0
0.06,0.06,8.0,8.0
0.06,0.06,8.0,8.0
0.06,0.06,8.0,8.0
0.06,0.06,8.0,8.0
0.06,0.06,8.0,8.0
0.06,0.06,4.0,4.0
0.06,0.06,8.0,8.0
0.06,0.06,4.0,4.0
0.06,0.06,8.0,8.0
0.06,0.06,8.0,8.0
0.06,0.06,8.0,8.0
0.06,0.06,8.0,8.0
0.06,0.06,8.0,8.0
0.06,0.06,0.12,0.12
0.06,0.06,8.0,8.0
0.06,0.06,8.0,8.0
0.06,0.06,8.0,8.0
0.06,0.06,8.0,8.0
0.06,0.06,8.0,8.0
0.06,0.06,4.0,4.0
0.06,0.06,8.0,8.0
0.06,0.06,8.0,8.0
0.06,0.06,8.0,8.0
0.06,0.06,0.25,0.25
0.06,0.06,0.25,0.25
0.06,0.06,0.25,0.25
0.06,0.06,0.25,0.25
0.06,0.06,0.25,0.25
0.06,0.06,0.25,0.25
0.06,0.06,8.0,8.0
0.06,0.06,8.0,8.0
0.06,0.06,0.25,0.25
0.06,0.06,1.0,1.0
0.06,0.06,8.0,8.0
0.06,0.06,1.0,1.0
0.06,0.06,8.0,8.0
0.06,0.06,1.0,1.0
0.06,0.06,8.0,8.0
0.06,0.06,1.0,1.0
0.06,0.06,8.0,8.0
0.06,0.06,1.0,1.0
0.06,0.06,1.0,1.0
0.06,0.06,1.0,1.0
0.06,0.06,4.0,4.0
0.06,0.06,1.0,1.0
0.06,0.06,8.0,8.0
0.06,0.06,1.0,1.0
0.06,0.06,1.0,1.0
0.06,0.06,8.0,8.0
0.06,0.06,4.0,4.0
0.06,0.06,1.0,1.0
0.06,0.06,1.0,1.0
0.06,0.06,1.0,1.0
0.06,0.06,8.0,8.0
0.06,0.06,1.0,1.0
0.06,0.06,1.0,1.0
0.06,0.06,1.0,1.0
0.06,0.06,1.0,1.0
0.06,0.06,1.0,1.0
0.06,0.06,1.0,1.0
0.06,0.06,4.0,4.0
0.06,0.06,8.0,8.0
0.06,0.06,1.0,1.0
0.06,0.06,8.0,8.0
0.06,0.06,1.0,1.0
0.06,0.06,8.0,8.0
0.06,0.06,8.0,8.0
0.06,0.06,1.0,1.0
0.06,0.06,8.0,8.0
0.06,0.06,1.0,1.0
0.06,0.06,1.0,1.0
0.06,0.06,1.0,1.0
0.06,0.06,8.0,8.0
0.06,0.06,4.0,4.0
0.06,0.06,1.0,1.0
0.06,0.06,8.0,8.0
0.06,0.06,8.0,8.0
0.06,0.06,8.0,8.0
0.06,0.06,1.0,1.0
0.06,0.06,1.0,1.0
0.06,0.06,8.0,8.0
0.06,0.06,8.0,8.0
4.0,4.0,1.0,1.0
0.06,0.06,1.0,1.0
0.06,0.06,8.0,8.0
0.06,0.06,8.0,8.0
0.06,0.06,1.0,1.0
0.06,0.06,8.0,8.0
0.12,0.12,8.0,8.0
0.06,0.06,8.0,8.0
0.06,0.06,1.0,1.0
0.06,0.06,8.0,8.0
0.06,0.06,1.0,1.0
0.06,0.06,8.0,8.0
0.5,0.5,1.0,1.0
0.06,0.06,1.0,1.0
0.06,0.06,8.0,8.0
0.06,0.06,1.0,1.0
0.06,0.06,1.0,1.0
0.06,0.06,4.0,4.0
0.06,0.06,1.0,1.0
0.06,0.06,8.0,8.0
0.06,0.06,1.0,1.0
0.06,0.06,8.0,8.0
0.06,0.06,8.0,8.0
0.12,0.12,1.0,1.0
0.06,0.06,8.0,8.0
0.5,0.5,1.0,1.0
0.06,0.06,1.0,1.0
0.12,0.12,4.0,4.0
0.06,0.06,1.0,1.0
0.06,0.06,1.0,1.0
0.06,0.06,8.0,8.0
0.25,0.25,1.0,1.0
0.06,0.06,4.0,4.0
0.06,0.06,1.0,1.0
0.06,0.06,1.0,1.0
0.06,0.06,1.0,1.0
0.06,0.06,1.0,1.0
0.25,0.25,1.0,1.0
0.06,0.06,8.0,8.0
0.06,0.06,1.0,1.0
0.06,0.06,8.0,8.0
0.06,0.06,1.0,1.0
0.12,0.12,1.0,1.0
0.06,0.06,1.0,1.0
0.06,0.06,8.0,8.0
0.12,0.12,1.0,1.0
0.25,0.25,1.0,1.0
0.06,0.06,8.0,8.0
0.06,0.06,1.0,1.0
0.06,0.06,1.0,1.0
0.06,0.06,1.0,1.0
0.06,0.06,1.0,1.0
0.25,0.25,1.0,1.0
0.06,0.06,1.0,1.0
0.12,0.12,1.0,1.0
0.06,0.06,1.0,1.0
0.25,0.25,1.0,1.0
0.06,0.06,4.0,4.0
0.06,0.06,8.0,8.0
4.0,4.0,8.0,8.0
0.06,0.06,8.0,8.0
0.06,0.06,1.0,1.0
0.06,0.06,8.0,8.0
0.06,0.06,1.0,1.0
0.06,0.06,8.0,8.0
0.5,0.5,1.0,1.0
0.06,0.06,1.0,1.0
0.06,0.06,1.0,1.0
0.06,0.06,1.0,1.0
0.06,0.06,1.0,1.0
0.06,0.06,1.0,1.0
0.06,0.06,1.0,1.0
0.06,0.06,1.0,1.0
0.06,0.06,1.0,1.0
0.06,0.06,8.0,8.0
0.06,0.06,8.0,8.0
0.06,0.06,8.0,8.0
0.06,0.06,8.0,8.0
0.5,0.5,8.0,8.0
0.06,0.06,8.0,8.0
4.0,4.0,1.0,1.0
0.06,0.06,4.0,4.0
0.06,0.06,8.0,8.0
0.12,0.12,4.0,4.0
0.06,0.06,4.0,4.0
0.25,0.25,1.0,1.0
0.06,0.06,1.0,1.0
0.06,0.06,4.0,4.0
1.0,1.0,8.0,8.0
0.06,0.06,1.0,1.0
0.06,0.06,1.0,1.0
0.06,0.06,1.0,1.0
0.06,0.06,1.0,1.0
0.06,0.06,1.0,1.0
0.06,0.06,8.0,8.0
0.06,0.06,1.0,1.0
0.06,0.06,8.0,8.0
0.06,0.06,1.0,1.0
0.06,0.06,8.0,8.0
0.06,0.06,8.0,8.0
0.06,0.06,8.0,8.0
0.25,0.25,1.0,1.0
0.06,0.06,1.0,1.0
0.06,0.06,4.0,4.0
0.06,0.06,8.0,8.0
0.06,0.06,1.0,1.0
0.06,0.06,1.0,1.0
0.06,0.06,1.0,1.0
0.06,0.06,8.0,8.0
0.06,0.06,8.0,8.0
0.06,0.06,8.0,8.0
0.06,0.06,8.0,8.0
0.06,0.06,1.0,1.0
0.06,0.06,8.0,8.0
0.06,0.06,1.0,1.0
0.06,0.06,1.0,1.0
0.06,0.06,8.0,8.0
0.06,0.06,1.0,1.0
0.06,0.06,8.0,8.0
0.06,0.06,1.0,1.0
0.06,0.06,1.0,1.0
0.06,0.06,8.0,8.0
0.06,0.06,8.0,8.0
0.06,0.06,8.0,8.0
0.06,0.06,8.0,8.0
0.06,0.06,4.0,4.0
0.06,0.06,1.0,1.0
0.06,0.06,1.0,1.0
0.06,0.06,1.0,1.0
0.06,0.06,8.0,8.0
0.06,0.06,4.0,4.0
0.06,0.06,1.0,1.0
0.06,0.06,1.0,1.0
0.06,0.06,1.0,1.0
0.06,0.06,1.0,1.0
0.06,0.06,1.0,1.0
0.06,0.06,1.0,1.0
0.06,0.06,1.0,1.0
0.06,0.06,8.0,8.0
0.06,0.06,1.0,1.0
0.06,0.06,8.0,8.0
0.06,0.06,1.0,1.0
0.06,0.06,1.0,1.0
0.06,0.06,8.0,8.0
0.06,0.06,8.0,8.0
0.06,0.06,8.0,8.0
0.06,0.06,1.0,1.0
0.06,0.06,8.0,8.0
0.06,0.06,1.0,1.0
0.06,0.06,1.0,1.0
0.06,0.06,1.0,1.0
0.06,0.06,8.0,8.0
0.06,0.06,1.0,1.0
0.06,0.06,1.0,1.0
0.06,0.06,1.0,1.0
0.06,0.06,1.0,1.0
0.06,0.06,4.0,4.0
0.06,0.06,1.0,1.0
0.06,0.06,1.0,1.0
0.06,0.06,1.0,1.0
0.06,0.06,1.0,1.0
0.06,0.06,1.0,1.0
0.06,0.06,1.0,1.0
0.06,0.06,1.0,1.0
0.06,0.06,1.0,1.0
0.06,0.06,1.0,1.0
0.06,0.06,1.0,1.0
0.06,0.06,1.0,1.0
0.06,0.06,1.0,1.0
0.06,0.06,1.0,1.0
0.06,0.06,8.0,8.0
0.06,0.06,1.0,1.0
0.06,0.06,1.0,1.0
0.06,0.06,8.0,8.0
0.06,0.06,8.0,8.0
0.06,0.06,8.0,8.0
0.06,0.06,1.0,1.0
0.06,0.06,1.0,1.0
0.06,0.06,4.0,4.0
0.06,0.06,1.0,1.0
0.06,0.06,1.0,1.0
0.06,0.06,1.0,1.0
0.06,0.06,1.0,1.0
0.06,0.06,1.0,1.0
0.06,0.06,1.0,1.0
0.06,0.06,1.0,1.0
0.06,0.06,8.0,8.0
0.06,0.06,8.0,8.0
0.06,0.06,8.0,8.0
0.06,0.06,1.0,1.0
0.06,0.06,1.0,1.0
0.06,0.06,1.0,1.0
0.06,0.06,1.0,1.0
0.06,0.06,1.0,1.0
0.06,0.06,4.0,4.0
0.06,0.06,1.0,1.0
0.06,0.06,1.0,1.0
0.06,0.06,1.0,1.0
0.06,0.06,1.0,1.0
0.06,0.06,1.0,1.0
0.06,0.06,1.0,1.0
0.06,0.06,1.0,1.0
0.06,0.06,4.0,4.0
0.06,0.06,1.0,1.0
0.06,0.06,8.0,8.0
0.06,0.06,1.0,1.0
0.06,0.06,8.0,8.0
0.06,0.06,1.0,1.0
0.06,0.06,8.0,8.0
0.06,0.06,1.0,1.0
0.06,0.06,1.0,1.0
0.06,0.06,1.0,1.0
0.06,0.06,8.0,8.0
0.06,0.06,8.0,8.0
0.06,0.06,1.0,1.0
0.06,0.06,8.0,8.0
0.06,0.06,1.0,1.0
0.06,0.06,8.0,8.0
0.06,0.06,8.0,8.0
0.06,0.06,1.0,1.0
0.06,0.06,1.0,1.0
0.06,0.06,1.0,1.0
0.06,0.06,1.0,1.0
0.06,0.06,1.0,1.0
0.06,0.06,1.0,1.0
0.06,0.06,1.0,1.0
0.06,0.06,1.0,1.0
0.06,0.06,8.0,8.0
0.06,0.06,8.0,8.0
0.06,0.06,1.0,1.0
0.06,0.06,1.0,1.0
0.06,0.06,8.0,8.0
0.06,0.06,8.0,8.0
0.06,0.06,1.0,1.0
0.06,0.06,1.0,1.0
0.06,0.06,1.0,1.0
0.06,0.06,1.0,1.0
0.06,0.06,8.0,8.0
0.06,0.06,1.0,1.0
0.06,0.06,1.0,1.0
0.06,0.06,8.0,8.0
0.06,0.06,1.0,1.0
0.06,0.06,8.0,8.0
0.06,0.06,1.0,1.0
0.06,0.06,1.0,1.0
0.06,0.06,8.0,8.0
0.06,0.06,1.0,1.0
0.06,0.06,1.0,1.0
0.06,0.06,1.0,1.0
0.06,0.06,1.0,1.0
0.06,0.06,8.0,8.0
0.06,0.06,1.0,1.0
0.06,0.06,8.0,8.0
0.06,0.06,1.0,1.0
0.06,0.06,4.0,4.0
0.06,0.06,1.0,1.0
0.06,0.06,1.0,1.0
0.06,0.06,8.0,8.0
0.06,0.06,1.0,1.0
0.06,0.06,8.0,8.0
0.06,0.06,1.0,1.0
0.06,0.06,1.0,1.0
0.06,0.06,8.0,8.0
0.06,0.06,1.0,1.0
0.06,0.06,1.0,1.0
0.06,0.06,1.0,1.0
0.06,0.06,1.0,1.0
0.06,0.06,1.0,1.0
0.06,0.06,1.0,1.0
0.06,0.06,8.0,8.0
0.06,0.06,1.0,1.0
0.06,0.06,8.0,8.0
0.06,0.06,1.0,1.0
0.06,0.06,8.0,8.0
0.06,0.06,1.0,1.0
0.06,0.06,1.0,1.0
0.06,0.06,8.0,8.0
0.06,0.06,1.0,1.0
0.06,0.06,8.0,8.0
0.06,0.06,8.0,8.0
0.06,0.06,1.0,1.0
0.06,0.06,1.0,1.0
0.06,0.06,8.0,8.0
0.06,0.06,8.0,8.0
0.06,0.06,1.0,1.0
0.06,0.06,1.0,1.0
0.06,0.06,8.0,8.0
0.06,0.06,8.0,8.0
0.06,0.06,1.0,1.0
0.06,0.06,1.0,1.0
0.06,0.06,8.0,8.0
0.06,0.06,1.0,1.0
0.06,0.06,8.0,8.0
0.06,0.06,8.0,8.0
0.06,0.06,1.0,1.0
0.06,0.06,1.0,1.0
0.06,0.06,1.0,1.0
0.06,0.06,8.0,8.0
0.06,0.06,8.0,8.0
0.06,0.06,8.0,8.0
0.25,0.25,1.0,1.0
0.06,0.06,8.0,8.0
0.06,0.06,8.0,8.0
0.06,0.06,1.0,1.0
0.06,0.06,1.0,1.0
0.06,0.06,1.0,1.0
0.06,0.06,1.0,1.0
0.06,0.06,8.0,8.0
0.06,0.06,1.0,1.0
0.06,0.06,1.0,1.0
0.06,0.06,1.0,1.0
2.0,2.0,1.0,1.0
0.06,0.06,1.0,1.0
0.06,0.06,1.0,1.0
0.06,0.06,1.0,1.0
0.06,0.06,8.0,8.0
0.06,0.06,8.0,8.0
0.06,0.06,1.0,1.0
0.06,0.06,1.0,1.0
0.06,0.06,8.0,8.0
0.06,0.06,1.0,1.0
0.06,0.06,1.0,1.0
0.06,0.06,4.0,4.0
0.06,0.06,8.0,8.0
0.06,0.06,1.0,1.0
0.06,0.06,1.0,1.0
0.06,0.06,8.0,8.0
0.06,0.06,8.0,8.0
0.06,0.06,1.0,1.0
0.06,0.06,8.0,8.0
0.06,0.06,1.0,1.0
0.06,0.06,1.0,1.0
0.06,0.06,1.0,1.0
0.06,0.06,8.0,8.0
0.06,0.06,1.0,1.0
0.06,0.06,1.0,1.0
0.06,0.06,1.0,1.0
0.06,0.06,1.0,1.0
0.06,0.06,8.0,8.0
0.06,0.06,1.0,1.0
0.06,0.06,1.0,1.0
0.06,0.06,8.0,8.0
0.06,0.06,1.0,1.0
0.06,0.06,1.0,1.0
0.06,0.06,1.0,1.0
0.06,0.06,1.0,1.0
0.06,0.06,1.0,1.0
0.06,0.06,1.0,1.0
0.06,0.06,8.0,8.0
0.06,0.06,8.0,8.0
0.06,0.06,8.0,8.0
0.06,0.06,1.0,1.0
0.06,0.06,8.0,8.0
0.06,0.06,1.0,1.0
0.06,0.06,4.0,4.0
0.06,0.06,8.0,8.0
0.06,0.06,1.0,1.0
0.06,0.06,8.0,8.0
0.06,0.06,1.0,1.0
0.06,0.06,1.0,1.0
0.06,0.06,1.0,1.0
0.06,0.06,8.0,8.0
0.06,0.06,1.0,1.0
0.06,0.06,1.0,1.0
0.06,0.06,1.0,1.0
0.06,0.06,1.0,1.0
0.06,0.06,8.0,8.0
0.06,0.06,1.0,1.0
0.06,0.06,1.0,1.0
0.06,0.06,1.0,1.0
0.06,0.06,8.0,8.0
0.06,0.06,1.0,1.0
0.06,0.06,1.0,1.0
0.06,0.06,1.0,1.0
0.06,0.06,8.0,8.0
0.06,0.06,1.0,1.0
0.06,0.06,1.0,1.0
0.06,0.06,8.0,8.0
0.06,0.06,8.0,8.0
0.06,0.06,1.0,1.0
0.06,0.06,4.0,4.0
0.06,0.06,1.0,1.0
0.06,0.06,1.0,1.0
0.06,0.06,1.0,1.0
0.06,0.06,4.0,4.0
0.06,0.06,1.0,1.0
0.06,0.06,1.0,1.0
0.06,0.06,1.0,1.0
0.06,0.06,1.0,1.0
0.06,0.06,8.0,8.0
0.06,0.06,8.0,8.0
0.06,0.06,1.0,1.0
0.06,0.06,1.0,1.0
0.06,0.06,1.0,1.0
0.06,0.06,1.0,1.0
0.06,0.06,8.0,8.0
0.06,0.06,1.0,1.0
0.06,0.06,1.0,1.0
0.06,0.06,1.0,1.0
0.06,0.06,1.0,1.0
0.06,0.06,1.0,1.0
0.06,0.06,8.0,8.0
0.06,0.06,1.0,1.0
0.06,0.06,1.0,1.0
0.06,0.06,1.0,1.0
0.06,0.06,1.0,1.0
0.06,0.06,1.0,1.0
0.06,0.06,1.0,1.0
0.06,0.06,8.0,8.0
0.06,0.06,1.0,1.0
0.06,0.06,1.0,1.0
0.06,0.06,8.0,8.0
0.06,0.06,1.0,1.0
0.06,0.06,1.0,1.0
0.06,0.06,1.0,1.0
0.06,0.06,4.0,4.0
0.06,0.06,1.0,1.0
0.06,0.06,8.0,8.0
0.06,0.06,8.0,8.0
0.06,0.06,1.0,1.0
0.06,0.06,1.0,1.0
0.06,0.06,1.0,1.0
0.06,0.06,1.0,1.0
0.06,0.06,1.0,1.0
0.06,0.06,1.0,1.0
0.06,0.06,1.0,1.0
0.06,0.06,1.0,1.0
0.06,0.06,1.0,1.0
0.06,0.06,1.0,1.0
0.06,0.06,1.0,1.0
0.06,0.06,1.0,1.0
0.06,0.06,1.0,1.0
0.06,0.06,1.0,1.0
0.06,0.06,8.0,8.0
0.06,0.06,1.0,1.0
0.06,0.06,1.0,1.0
0.06,0.06,1.0,1.0
0.06,0.06,1.0,1.0
0.06,0.06,8.0,8.0
0.06,0.06,1.0,1.0
0.06,0.06,8.0,8.0
0.06,0.06,8.0,8.0
0.06,0.06,1.0,1.0
0.06,0.06,1.0,1.0
0.06,0.06,1.0,1.0
0.06,0.06,8.0,8.0
0.06,0.06,1.0,1.0
0.06,0.06,4.0,4.0
0.06,0.06,1.0,1.0
0.06,0.06,1.0,1.0
0.06,0.06,1.0,1.0
0.06,0.06,1.0,1.0
0.06,0.06,1.0,1.0
0.06,0.06,8.0,8.0
0.06,0.06,8.0,8.0
0.06,0.06,1.0,1.0
0.06,0.06,1.0,1.0
0.06,0.06,8.0,8.0
0.06,0.06,1.0,1.0
0.06,0.06,1.0,1.0
0.06,0.06,1.0,1.0
0.06,0.06,1.0,1.0
0.06,0.06,1.0,1.0
0.06,0.06,1.0,1.0
0.06,0.06,8.0,8.0
0.06,0.06,8.0,8.0
0.06,0.06,8.0,8.0
0.06,0.06,4.0,4.0
0.06,0.06,1.0,1.0
0.06,0.06,8.0,8.0
0.06,0.06,1.0,1.0
0.06,0.06,1.0,1.0
0.06,0.06,1.0,1.0
0.06,0.06,1.0,1.0
0.06,0.06,1.0,1.0
0.06,0.06,1.0,1.0
0.06,0.06,1.0,1.0
0.06,0.06,8.0,8.0
0.06,0.06,1.0,1.0
0.06,0.06,1.0,1.0
0.06,0.06,8.0,8.0
0.06,0.06,1.0,1.0
0.06,0.06,1.0,1.0
0.06,0.06,4.0,4.0
0.06,0.06,4.0,4.0
0.06,0.06,1.0,1.0
0.06,0.06,1.0,1.0
0.06,0.06,1.0,1.0
0.06,0.06,1.0,1.0
0.06,0.06,1.0,1.0
0.06,0.06,8.0,8.0
0.06,0.06,1.0,1.0
0.06,0.06,1.0,1.0
0.06,0.06,1.0,1.0
0.06,0.06,8.0,8.0
0.06,0.06,1.0,1.0
0.06,0.06,1.0,1.0
0.06,0.06,1.0,1.0
0.06,0.06,8.0,8.0
0.06,0.06,4.0,4.0
0.06,0.06,4.0,4.0
0.06,0.06,8.0,8.0
0.06,0.06,1.0,1.0
0.06,0.06,1.0,1.0
0.06,0.06,1.0,1.0
0.06,0.06,4.0,4.0
0.06,0.06,1.0,1.0
0.06,0.06,8.0,8.0
0.06,0.06,1.0,1.0
0.06,0.06,1.0,1.0
0.06,0.06,8.0,8.0
0.06,0.06,8.0,8.0
0.06,0.06,1.0,1.0
0.06,0.06,1.0,1.0
0.06,0.06,1.0,1.0
0.06,0.06,1.0,1.0
0.06,0.06,1.0,1.0
0.06,0.06,1.0,1.0
0.06,0.06,1.0,1.0
0.06,0.06,8.0,8.0
0.06,0.06,1.0,1.0
0.06,0.06,1.0,1.0
0.06,0.06,1.0,1.0
0.06,0.06,1.0,1.0
0.06,0.06,1.0,1.0
0.06,0.06,1.0,1.0
0.06,0.06,1.0,1.0
0.06,0.06,8.0,8.0
0.06,0.06,8.0,8.0
0.06,0.06,1.0,1.0
0.06,0.06,1.0,1.0
0.06,0.06,8.0,8.0
0.06,0.06,1.0,1.0
0.06,0.06,1.0,1.0
0.06,0.06,1.0,1.0
0.06,0.06,1.0,1.0
0.06,0.06,8.0,8.0
0.06,0.06,1.0,1.0
0.06,0.06,1.0,1.0
0.06,0.06,1.0,1.0
0.06,0.06,8.0,8.0
0.06,0.06,1.0,1.0
0.06,0.06,1.0,1.0
0.06,0.06,1.0,1.0
0.06,0.06,8.0,8.0
0.06,0.06,1.0,1.0
0.06,0.06,1.0,1.0
0.06,0.06,1.0,1.0
0.06,0.06,1.0,1.0
0.06,0.06,1.0,1.0
0.06,0.06,1.0,1.0
0.06,0.06,1.0,1.0
0.06,0.06,8.0,8.0
0.06,0.06,8.0,8.0
0.06,0.06,8.0,8.0
0.06,0.06,1.0,1.0
0.06,0.06,1.0,1.0
0.06,0.06,8.0,8.0
0.06,0.06,1.0,1.0
0.06,0.06,1.0,1.0
0.06,0.06,1.0,1.0
0.06,0.06,1.0,1.0
0.06,0.06,4.0,4.0
0.06,0.06,1.0,1.0
0.06,0.06,1.0,1.0
0.06,0.06,1.0,1.0
0.06,0.06,1.0,1.0
0.06,0.06,1.0,1.0
0.06,0.06,1.0,1.0
0.06,0.06,1.0,1.0
0.06,0.06,1.0,1.0
0.06,0.06,8.0,8.0
0.06,0.06,1.0,1.0
0.06,0.06,1.0,1.0
0.06,0.06,1.0,1.0
0.06,0.06,1.0,1.0
0.06,0.06,1.0,1.0
0.06,0.06,1.0,1.0
0.06,0.06,1.0,1.0
0.06,0.06,8.0,8.0
0.06,0.06,1.0,1.0
0.06,0.06,1.0,1.0
0.06,0.06,1.0,1.0
0.06,0.06,8.0,8.0
0.06,0.06,1.0,1.0
0.06,0.06,1.0,1.0
0.06,0.06,1.0,1.0
0.06,0.06,1.0,1.0
0.06,0.06,1.0,1.0
0.06,0.06,1.0,1.0
0.06,0.06,8.0,8.0
0.06,0.06,8.0,8.0
0.06,0.06,1.0,1.0
0.06,0.06,1.0,1.0
0.06,0.06,1.0,1.0
0.06,0.06,1.0,1.0
0.06,0.06,8.0,8.0
0.06,0.06,8.0,8.0
0.06,0.06,1.0,1.0
0.06,0.06,1.0,1.0
0.06,0.06,1.0,1.0
0.06,0.06,8.0,8.0
0.06,0.06,8.0,8.0
0.06,0.06,1.0,1.0
0.06,0.06,1.0,1.0
0.06,0.06,8.0,8.0
0.06,0.06,1.0,1.0
0.06,0.06,8.0,8.0
0.06,0.06,1.0,1.0
0.06,0.06,8.0,8.0
0.06,0.06,1.0,1.0
0.06,0.06,1.0,1.0
0.06,0.06,1.0,1.0
0.06,0.06,1.0,1.0
0.06,0.06,1.0,1.0
0.06,0.06,1.0,1.0
0.06,0.06,1.0,1.0
0.06,0.06,1.0,1.0
0.06,0.06,4.0,4.0
0.06,0.06,1.0,1.0
0.06,0.06,1.0,1.0
0.06,0.06,1.0,1.0
0.06,0.06,1.0,1.0
0.06,0.06,8.0,8.0
0.06,0.06,8.0,8.0
0.06,0.06,1.0,1.0
0.06,0.06,8.0,8.0
0.06,0.06,1.0,1.0
0.06,0.06,8.0,8.0
0.06,0.06,1.0,1.0
0.06,0.06,1.0,1.0
0.06,0.06,8.0,8.0
0.06,0.06,1.0,1.0
0.06,0.06,8.0,8.0
0.06,0.06,1.0,1.0
0.06,0.06,1.0,1.0
0.06,0.06,1.0,1.0
0.06,0.06,1.0,1.0
0.06,0.06,1.0,1.0
0.06,0.06,1.0,1.0
0.06,0.06,1.0,1.0
0.06,0.06,1.0,1.0
0.06,0.06,8.0,8.0
0.06,0.06,1.0,1.0
0.06,0.06,1.0,1.0
0.06,0.06,1.0,1.0
0.06,0.06,1.0,1.0
0.06,0.06,1.0,1.0
0.06,0.06,1.0,1.0
0.06,0.06,8.0,8.0
0.06,0.06,1.0,1.0
0.06,0.06,1.0,1.0
0.06,0.06,1.0,1.0
0.06,0.06,1.0,1.0
0.06,0.06,1.0,1.0
0.06,0.06,1.0,1.0
0.06,0.06,1.0,1.0
0.06,0.06,8.0,8.0
0.06,0.06,8.0,8.0
0.06,0.06,1.0,1.0
0.06,0.06,1.0,1.0
0.06,0.06,1.0,1.0
0.06,0.06,1.0,1.0
0.06,0.06,1.0,1.0
0.06,0.06,1.0,1.0
0.06,0.06,1.0,1.0
0.06,0.06,1.0,1.0
0.06,0.06,1.0,1.0
0.06,0.06,8.0,8.0
0.06,0.06,1.0,1.0
0.06,0.06,8.0,8.0
0.06,0.06,1.0,1.0
0.06,0.06,1.0,1.0
0.06,0.06,1.0,1.0
0.06,0.06,8.0,8.0
0.06,0.06,1.0,1.0
0.06,0.06,1.0,1.0
0.06,0.06,4.0,4.0
0.06,0.06,8.0,8.0
0.06,0.06,4.0,4.0
0.06,0.06,1.0,1.0
0.06,0.06,1.0,1.0
0.06,0.06,1.0,1.0
0.06,0.06,1.0,1.0
0.06,0.06,1.0,1.0
0.06,0.06,1.0,1.0
0.06,0.06,1.0,1.0
0.06,0.06,8.0,8.0
0.06,0.06,8.0,8.0
0.06,0.06,8.0,8.0
0.06,0.06,1.0,1.0
0.06,0.06,1.0,1.0
0.06,0.06,1.0,1.0
0.06,0.06,1.0,1.0
0.06,0.06,1.0,1.0
0.06,0.06,1.0,1.0
0.06,0.06,8.0,8.0
0.06,0.06,1.0,1.0
0.06,0.06,1.0,1.0
0.06,0.06,4.0,4.0
0.06,0.06,1.0,1.0
0.06,0.06,1.0,1.0
0.06,0.06,8.0,8.0
0.06,0.06,1.0,1.0
0.06,0.06,8.0,8.0
0.06,0.06,1.0,1.0
0.06,0.06,8.0,8.0
0.06,0.06,1.0,1.0
0.06,0.06,1.0,1.0
0.06,0.06,1.0,1.0
0.06,0.06,1.0,1.0
0.06,0.06,1.0,1.0
0.06,0.06,8.0,8.0
0.06,0.06,1.0,1.0
0.06,0.06,1.0,1.0
0.06,0.06,4.0,4.0
0.06,0.06,1.0,1.0
0.06,0.06,8.0,8.0
0.06,0.06,1.0,1.0
0.06,0.06,1.0,1.0
0.06,0.06,1.0,1.0
0.06,0.06,1.0,1.0
0.06,0.06,1.0,1.0
0.06,0.06,1.0,1.0
0.06,0.06,8.0,8.0
0.06,0.06,1.0,1.0
0.06,0.06,1.0,1.0
0.06,0.06,1.0,1.0
0.06,0.06,8.0,8.0
0.06,0.06,8.0,8.0
0.06,0.06,8.0,8.0
0.06,0.06,1.0,1.0
0.06,0.06,1.0,1.0
0.06,0.06,8.0,8.0
0.06,0.06,1.0,1.0
0.06,0.06,1.0,1.0
0.06,0.06,8.0,8.0
0.06,0.06,1.0,1.0
0.06,0.06,1.0,1.0
0.06,0.06,1.0,1.0
0.06,0.06,1.0,1.0
0.06,0.06,1.0,1.0
0.06,0.06,1.0,1.0
0.06,0.06,1.0,1.0
0.06,0.06,1.0,1.0
0.06,0.06,1.0,1.0
0.06,0.06,1.0,1.0
0.06,0.06,8.0,8.0
0.06,0.06,1.0,1.0
0.06,0.06,1.0,1.0
0.06,0.06,1.0,1.0
0.06,0.06,8.0,8.0
0.06,0.06,1.0,1.0
0.06,0.06,1.0,1.0
0.06,0.06,4.0,4.0
0.06,0.06,1.0,1.0
0.06,0.06,1.0,1.0
0.06,0.06,1.0,1.0
0.06,0.06,1.0,1.0
0.06,0.06,1.0,1.0
0.06,0.06,1.0,1.0
0.06,0.06,8.0,8.0
0.06,0.06,1.0,1.0
0.06,0.06,1.0,1.0
0.06,0.06,1.0,1.0
0.06,0.06,8.0,8.0
0.06,0.06,1.0,1.0
0.06,0.06,1.0,1.0
0.06,0.06,1.0,1.0
0.06,0.06,1.0,1.0
0.06,0.06,8.0,8.0
0.06,0.06,1.0,1.0
0.06,0.06,8.0,8.0
0.06,0.06,1.0,1.0
0.06,0.06,1.0,1.0
0.06,0.06,1.0,1.0
0.06,0.06,8.0,8.0
0.06,0.06,1.0,1.0
0.06,0.06,8.0,8.0
0.06,0.06,1.0,1.0
0.06,0.06,8.0,8.0
0.06,0.06,1.0,1.0
0.06,0.06,8.0,8.0
0.06,0.06,1.0,1.0
0.06,0.06,1.0,1.0
0.06,0.06,1.0,1.0
0.06,0.06,1.0,1.0
0.06,0.06,8.0,8.0
0.06,0.06,8.0,8.0
0.06,0.06,1.0,1.0
0.06,0.06,1.0,1.0
0.06,0.06,1.0,1.0
0.06,0.06,8.0,8.0
0.06,0.06,1.0,1.0
0.06,0.06,1.0,1.0
0.06,0.06,1.0,1.0
0.06,0.06,8.0,8.0
0.06,0.06,8.0,8.0
0.06,0.06,1.0,1.0
0.06,0.06,1.0,1.0
0.06,0.06,4.0,4.0
0.06,0.06,8.0,8.0
0.06,0.06,1.0,1.0
0.06,0.06,8.0,8.0
0.06,0.06,8.0,8.0
0.06,0.06,1.0,1.0
0.06,0.06,8.0,8.0
0.06,0.06,1.0,1.0
0.06,0.06,8.0,8.0
0.06,0.06,1.0,1.0
0.06,0.06,1.0,1.0
0.06,0.06,1.0,1.0
0.06,0.06,8.0,8.0
0.06,0.06,1.0,1.0
0.06,0.06,1.0,1.0
0.06,0.06,8.0,8.0
0.06,0.06,8.0,8.0
0.06,0.06,8.0,8.0
0.06,0.06,1.0,1.0
0.06,0.06,1.0,1.0
0.06,0.06,1.0,1.0
0.06,0.06,1.0,1.0
0.06,0.06,1.0,1.0
0.06,0.06,1.0,1.0
0.06,0.06,1.0,1.0
0.06,0.06,1.0,1.0
0.06,0.06,1.0,1.0
0.06,0.06,8.0,8.0
0.06,0.06,8.0,8.0
0.06,0.06,1.0,1.0
0.06,0.06,1.0,1.0
0.06,0.06,1.0,1.0
0.06,0.06,8.0,8.0
0.06,0.06,1.0,1.0
0.06,0.06,8.0,8.0
0.06,0.06,1.0,1.0
0.06,0.06,1.0,1.0
0.06,0.06,1.0,1.0
0.06,0.06,1.0,1.0
0.06,0.06,8.0,8.0
0.06,0.06,8.0,8.0
0.06,0.06,1.0,1.0
0.06,0.06,1.0,1.0
0.06,0.06,1.0,1.0
0.06,0.06,8.0,8.0
0.06,0.06,1.0,1.0
0.06,0.06,1.0,1.0
0.06,0.06,8.0,8.0
0.06,0.06,1.0,1.0
0.06,0.06,1.0,1.0
0.06,0.06,8.0,8.0
0.06,0.06,1.0,1.0
0.06,0.06,1.0,1.0
0.06,0.06,1.0,1.0
0.06,0.06,8.0,8.0
0.06,0.06,8.0,8.0
0.06,0.06,1.0,1.0
0.06,0.06,8.0,8.0
0.06,0.06,1.0,1.0
0.06,0.06,1.0,1.0
0.06,0.06,4.0,4.0
0.06,0.06,1.0,1.0
0.06,0.06,8.0,8.0
0.06,0.06,1.0,1.0
0.06,0.06,1.0,1.0
0.06,0.06,1.0,1.0
0.06,0.06,8.0,8.0
0.06,0.06,1.0,1.0
0.06,0.06,8.0,8.0
0.06,0.06,1.0,1.0
0.06,0.06,8.0,8.0
0.06,0.06,1.0,1.0
0.06,0.06,1.0,1.0
0.06,0.06,8.0,8.0
0.06,0.06,1.0,1.0
0.06,0.06,1.0,1.0
0.06,0.06,8.0,8.0
0.06,0.06,8.0,8.0
0.06,0.06,8.0,8.0
0.06,0.06,1.0,1.0
0.06,0.06,1.0,1.0
0.06,0.06,1.0,1.0
0.06,0.06,1.0,1.0
0.06,0.06,1.0,1.0
0.06,0.06,1.0,1.0
0.06,0.06,1.0,1.0
0.06,0.06,1.0,1.0
0.06,0.06,8.0,8.0
0.06,0.06,1.0,1.0
0.06,0.06,1.0,1.0
0.06,0.06,8.0,8.0
0.06,0.06,1.0,1.0
0.06,0.06,1.0,1.0
0.06,0.06,1.0,1.0
0.06,0.06,1.0,1.0
0.06,0.06,1.0,1.0
0.06,0.06,8.0,8.0
0.06,0.06,4.0,4.0
0.06,0.06,4.0,4.0
0.06,0.06,1.0,1.0
0.06,0.06,1.0,1.0
0.06,0.06,1.0,1.0
0.06,0.06,1.0,1.0
0.06,0.06,1.0,1.0
0.06,0.06,8.0,8.0
0.06,0.06,1.0,1.0
0.06,0.06,1.0,1.0
0.06,0.06,1.0,1.0
0.06,0.06,8.0,8.0
0.06,0.06,4.0,4.0
0.06,0.06,1.0,1.0
0.06,0.06,1.0,1.0
0.06,0.06,1.0,1.0
0.06,0.06,1.0,1.0
0.06,0.06,1.0,1.0
0.06,0.06,1.0,1.0
0.06,0.06,8.0,8.0
0.06,0.06,1.0,1.0
0.06,0.06,1.0,1.0
0.5,0.5,1.0,1.0
0.5,0.5,1.0,1.0
0.06,0.06,1.0,1.0
0.06,0.06,1.0,1.0
0.06,0.06,1.0,1.0
0.06,0.06,4.0,4.0
0.06,0.06,1.0,1.0
0.06,0.06,1.0,1.0
0.06,0.06,1.0,1.0
0.06,0.06,1.0,1.0
0.06,0.06,1.0,1.0
0.06,0.06,8.0,8.0
0.06,0.06,1.0,1.0
0.06,0.06,1.0,1.0
0.06,0.06,4.0,4.0
0.06,0.06,4.0,4.0
0.06,0.06,8.0,8.0
0.06,0.06,4.0,4.0
0.06,0.06,1.0,1.0
0.06,0.06,1.0,1.0
0.06,0.06,8.0,8.0
0.06,0.06,1.0,1.0
0.06,0.06,1.0,1.0
0.06,0.06,4.0,4.0
0.06,0.06,8.0,8.0
0.06,0.06,8.0,8.0
0.06,0.06,1.0,1.0
0.06,0.06,1.0,1.0
0.06,0.06,1.0,1.0
0.06,0.06,8.0,8.0
0.06,0.06,8.0,8.0
0.06,0.06,16.0,16.0
0.06,0.06,8.0,8.0
0.06,0.06,8.0,8.0
0.06,0.06,1.0,1.0
0.06,0.06,8.0,8.0
0.06,0.06,1.0,1.0
0.06,0.06,1.0,1.0
0.06,0.06,1.0,1.0
0.06,0.06,8.0,8.0
0.06,0.06,1.0,1.0
0.06,0.06,1.0,1.0
0.06,0.06,1.0,1.0
0.06,0.06,1.0,1.0
0.06,0.06,8.0,8.0
0.06,0.06,1.0,1.0
0.06,0.06,1.0,1.0
0.06,0.06,1.0,1.0
0.06,0.06,1.0,1.0
0.06,0.06,1.0,1.0
0.06,0.06,1.0,1.0
0.06,0.06,8.0,8.0
0.06,0.06,8.0,8.0
0.06,0.06,1.0,1.0
0.06,0.06,8.0,8.0
0.06,0.06,8.0,8.0
0.06,0.06,8.0,8.0
0.06,0.06,1.0,1.0
0.06,0.06,1.0,1.0
0.06,0.06,4.0,4.0
0.06,0.06,1.0,1.0
0.06,0.06,8.0,8.0
0.06,0.06,8.0,8.0
0.06,0.06,8.0,8.0
0.06,0.06,1.0,1.0
0.06,0.06,4.0,4.0
0.06,0.06,1.0,1.0
0.06,0.06,1.0,1.0
0.06,0.06,8.0,8.0
0.06,0.06,1.0,1.0
0.06,0.06,8.0,8.0
0.06,0.06,8.0,8.0
0.06,0.06,1.0,1.0
0.06,0.06,8.0,8.0
0.06,0.06,1.0,1.0
0.06,0.06,1.0,1.0
0.06,0.06,1.0,1.0
0.06,0.06,1.0,1.0
0.06,0.06,1.0,1.0
0.06,0.06,1.0,1.0
0.06,0.06,1.0,1.0
0.06,0.06,8.0,8.0
0.06,0.06,1.0,1.0
0.06,0.06,8.0,8.0
0.06,0.06,1.0,1.0
0.06,0.06,8.0,8.0
0.06,0.06,8.0,8.0
0.06,0.06,4.0,4.0
0.06,0.06,1.0,1.0
0.06,0.06,1.0,1.0
0.06,0.06,8.0,8.0
0.06,0.06,1.0,1.0
0.06,0.06,8.0,8.0
0.06,0.06,8.0,8.0
0.06,0.06,1.0,1.0
0.06,0.06,1.0,1.0
0.06,0.06,8.0,8.0
0.06,0.06,1.0,1.0
0.06,0.06,1.0,1.0
0.06,0.06,1.0,1.0
0.06,0.06,8.0,8.0
0.06,0.06,1.0,1.0
0.06,0.06,1.0,1.0
0.06,0.06,1.0,1.0
0.06,0.06,1.0,1.0
0.06,0.06,1.0,1.0
0.06,0.06,1.0,1.0
0.06,0.06,1.0,1.0
0.06,0.06,1.0,1.0
0.06,0.06,1.0,1.0
0.06,0.06,1.0,1.0
0.06,0.06,1.0,1.0
0.06,0.06,1.0,1.0
0.06,0.06,1.0,1.0
0.06,0.06,1.0,1.0
0.06,0.06,1.0,1.0
0.06,0.06,1.0,1.0
0.06,0.06,1.0,1.0
0.06,0.06,1.0,1.0
0.06,0.06,1.0,1.0
0.06,0.06,1.0,1.0
0.06,0.06,4.0,4.0
0.06,0.06,1.0,1.0
0.06,0.06,1.0,1.0
0.06,0.06,1.0,1.0
0.06,0.06,1.0,1.0
0.06,0.06,1.0,1.0
0.06,0.06,1.0,1.0
0.06,0.06,1.0,1.0
0.06,0.06,1.0,1.0
0.06,0.06,1.0,1.0
0.06,0.06,1.0,1.0
0.06,0.06,1.0,1.0
0.06,0.06,1.0,1.0
0.06,0.06,8.0,8.0
0.06,0.06,1.0,1.0
0.06,0.06,1.0,1.0
0.06,0.06,1.0,1.0
0.06,0.06,8.0,8.0
0.06,0.06,1.0,1.0
0.06,0.06,1.0,1.0
0.06,0.06,1.0,1.0
0.06,0.06,1.0,1.0
0.06,0.06,1.0,1.0
0.06,0.06,1.0,1.0
0.06,0.06,1.0,1.0
0.06,0.06,1.0,1.0
0.06,0.06,1.0,1.0
0.06,0.06,8.0,8.0
0.06,0.06,1.0,1.0
0.06,0.06,8.0,8.0
0.06,0.06,8.0,8.0
0.06,0.06,1.0,1.0
0.06,0.06,1.0,1.0
0.06,0.06,1.0,1.0
0.06,0.06,1.0,1.0
0.06,0.06,1.0,1.0
0.06,0.06,1.0,1.0
0.06,0.06,8.0,8.0
0.06,0.06,1.0,1.0
0.06,0.06,1.0,1.0
0.06,0.06,8.0,8.0
0.06,0.06,1.0,1.0
0.06,0.06,1.0,1.0
0.06,0.06,1.0,1.0
0.06,0.06,8.0,8.0
0.06,0.06,1.0,1.0
0.06,0.06,1.0,1.0
0.06,0.06,1.0,1.0
0.06,0.06,1.0,1.0
0.06,0.06,1.0,1.0
0.06,0.06,1.0,1.0
0.06,0.06,1.0,1.0
0.06,0.06,1.0,1.0
0.06,0.06,1.0,1.0
0.06,0.06,1.0,1.0
0.06,0.06,1.0,1.0
0.06,0.06,8.0,8.0
0.06,0.06,1.0,1.0
0.06,0.06,8.0,8.0
0.06,0.06,1.0,1.0
0.06,0.06,1.0,1.0
0.06,0.06,1.0,1.0
0.06,0.06,8.0,8.0
0.06,0.06,8.0,8.0
0.06,0.06,1.0,1.0
0.06,0.06,1.0,1.0
0.06,0.06,8.0,8.0
0.06,0.06,1.0,1.0
0.06,0.06,1.0,1.0
0.06,0.06,1.0,1.0
0.06,0.06,1.0,1.0
0.06,0.06,1.0,1.0
0.06,0.06,1.0,1.0
0.06,0.06,8.0,8.0
0.06,0.06,1.0,1.0
0.06,0.06,8.0,8.0
0.06,0.06,4.0,4.0
0.06,0.06,8.0,8.0
0.06,0.06,8.0,8.0
0.06,0.06,8.0,8.0
0.06,0.06,1.0,1.0
0.06,0.06,1.0,1.0
0.06,0.06,1.0,1.0
0.06,0.06,1.0,1.0
0.06,0.06,1.0,1.0
0.06,0.06,1.0,1.0
0.06,0.06,1.0,1.0
0.06,0.06,8.0,8.0
0.06,0.06,4.0,4.0
0.06,0.06,8.0,8.0
0.06,0.06,8.0,8.0
0.06,0.06,8.0,8.0
0.06,0.06,1.0,1.0
0.06,0.06,1.0,1.0
0.06,0.06,1.0,1.0
0.06,0.06,1.0,1.0
0.06,0.06,1.0,1.0
0.06,0.06,1.0,1.0
0.06,0.06,1.0,1.0
0.06,0.06,1.0,1.0
0.06,0.06,8.0,8.0
0.06,0.06,1.0,1.0
0.06,0.06,1.0,1.0
0.06,0.06,1.0,1.0
0.06,0.06,1.0,1.0
0.06,0.06,1.0,1.0
0.06,0.06,1.0,1.0
0.06,0.06,1.0,1.0
0.06,0.06,8.0,8.0
0.06,0.06,1.0,1.0
0.06,0.06,1.0,1.0
0.06,0.06,8.0,8.0
0.06,0.06,8.0,8.0
0.06,0.06,4.0,4.0
0.06,0.06,8.0,8.0
0.06,0.06,4.0,4.0
0.06,0.06,1.0,1.0
0.06,0.06,8.0,8.0
0.06,0.06,8.0,8.0
0.06,0.06,1.0,1.0
0.06,0.06,4.0,4.0
0.06,0.06,1.0,1.0
0.06,0.06,8.0,8.0
0.06,0.06,1.0,1.0
0.06,0.06,1.0,1.0
0.06,0.06,8.0,8.0
0.06,0.06,1.0,1.0
0.06,0.06,8.0,8.0
0.06,0.06,1.0,1.0
0.06,0.06,1.0,1.0
0.06,0.06,1.0,1.0
0.06,0.06,1.0,1.0
0.06,0.06,8.0,8.0
0.06,0.06,4.0,4.0
0.06,0.06,1.0,1.0
0.06,0.06,1.0,1.0
0.06,0.06,8.0,8.0
0.06,0.06,8.0,8.0
0.06,0.06,8.0,8.0
0.06,0.06,8.0,8.0
0.06,0.06,8.0,8.0
0.06,0.06,8.0,8.0
0.06,0.06,1.0,1.0
0.06,0.06,8.0,8.0
0.06,0.06,8.0,8.0
0.06,0.06,1.0,1.0
0.06,0.06,1.0,1.0
0.06,0.06,1.0,1.0
0.06,0.06,8.0,8.0
0.06,0.06,1.0,1.0
0.06,0.06,1.0,1.0
0.06,0.06,1.0,1.0
0.06,0.06,8.0,8.0
0.06,0.06,8.0,8.0
0.06,0.06,8.0,8.0
0.06,0.06,8.0,8.0
0.06,0.06,1.0,1.0
0.06,0.06,1.0,1.0
0.06,0.06,1.0,1.0
0.06,0.06,8.0,8.0
0.06,0.06,1.0,1.0
0.06,0.06,8.0,8.0
0.06,0.06,8.0,8.0
0.06,0.06,1.0,1.0
0.06,0.06,1.0,1.0
0.06,0.06,1.0,1.0
0.06,0.06,1.0,1.0
0.06,0.06,1.0,1.0
0.06,0.06,8.0,8.0
0.06,0.06,1.0,1.0
0.06,0.06,1.0,1.0
0.06,0.06,8.0,8.0
0.06,0.06,8.0,8.0
0.06,0.06,1.0,1.0
0.06,0.06,8.0,8.0
0.06,0.06,1.0,1.0
0.06,0.06,1.0,1.0
0.06,0.06,8.0,8.0
0.06,0.06,8.0,8.0
0.06,0.06,1.0,1.0
0.06,0.06,8.0,8.0
0.06,0.06,8.0,8.0
0.06,0.06,1.0,1.0
0.06,0.06,1.0,1.0
0.06,0.06,4.0,4.0
0.06,0.06,1.0,1.0
0.06,0.06,1.0,1.0
0.06,0.06,1.0,1.0
0.06,0.06,8.0,8.0
0.06,0.06,1.0,1.0
0.06,0.06,1.0,1.0
0.06,0.06,1.0,1.0
0.06,0.06,1.0,1.0
0.06,0.06,8.0,8.0
0.06,0.06,1.0,1.0
0.06,0.06,1.0,1.0
0.06,0.06,1.0,1.0
0.06,0.06,1.0,1.0
0.06,0.06,1.0,1.0
0.06,0.06,8.0,8.0
0.06,0.06,1.0,1.0
0.06,0.06,1.0,1.0
0.06,0.06,1.0,1.0
0.06,0.06,1.0,1.0
0.06,0.06,8.0,8.0
0.06,0.06,1.0,1.0
0.06,0.06,8.0,8.0
0.06,0.06,1.0,1.0
0.06,0.06,1.0,1.0
0.06,0.06,1.0,1.0
0.06,0.06,1.0,1.0
0.06,0.06,1.0,1.0
0.06,0.06,8.0,8.0
0.06,0.06,1.0,1.0
0.06,0.06,1.0,1.0
0.06,0.06,1.0,1.0
0.06,0.06,1.0,1.0
0.06,0.06,8.0,8.0
0.06,0.06,4.0,4.0
0.06,0.06,8.0,8.0
0.06,0.06,1.0,1.0
0.06,0.06,1.0,1.0
0.06,0.06,4.0,4.0
0.06,0.06,1.0,1.0
0.06,0.06,1.0,1.0
0.06,0.06,1.0,1.0
0.06,0.06,1.0,1.0
0.06,0.06,8.0,8.0
0.06,0.06,8.0,8.0
0.06,0.06,1.0,1.0
0.06,0.06,1.0,1.0
0.06,0.06,8.0,8.0
0.06,0.06,4.0,4.0
0.06,0.06,1.0,1.0
0.06,0.06,8.0,8.0
0.06,0.06,8.0,8.0
0.06,0.06,1.0,1.0
0.06,0.06,1.0,1.0
0.06,0.06,1.0,1.0
0.06,0.06,8.0,8.0
0.06,0.06,1.0,1.0
0.06,0.06,1.0,1.0
0.06,0.06,1.0,1.0
0.06,0.06,8.0,8.0
0.06,0.06,1.0,1.0
0.06,0.06,1.0,1.0
0.06,0.06,1.0,1.0
0.06,0.06,1.0,1.0
0.06,0.06,8.0,8.0
0.06,0.06,1.0,1.0
0.06,0.06,1.0,1.0
0.06,0.06,1.0,1.0
0.06,0.06,1.0,1.0
0.06,0.06,1.0,1.0
0.06,0.06,1.0,1.0
0.06,0.06,1.0,1.0
0.06,0.06,1.0,1.0
0.06,0.06,1.0,1.0
0.06,0.06,1.0,1.0
0.06,0.06,8.0,8.0
0.06,0.06,1.0,1.0
0.06,0.06,1.0,1.0
0.06,0.06,8.0,8.0
0.06,0.06,1.0,1.0
0.06,0.06,1.0,1.0
0.06,0.06,8.0,8.0
0.06,0.06,8.0,8.0
0.06,0.06,1.0,1.0
0.06,0.06,1.0,1.0
0.06,0.06,8.0,8.0
0.06,0.06,1.0,1.0
0.06,0.06,1.0,1.0
0.06,0.06,8.0,8.0
0.06,0.06,1.0,1.0
0.06,0.06,1.0,1.0
0.06,0.06,1.0,1.0
0.06,0.06,1.0,1.0
0.06,0.06,8.0,8.0
0.06,0.06,8.0,8.0
0.06,0.06,8.0,8.0
0.06,0.06,1.0,1.0
0.06,0.06,1.0,1.0
0.06,0.06,8.0,8.0
0.06,0.06,1.0,1.0
0.06,0.06,1.0,1.0
0.06,0.06,8.0,8.0
0.06,0.06,8.0,8.0
0.06,0.06,1.0,1.0
0.06,0.06,1.0,1.0
0.06,0.06,1.0,1.0
0.06,0.06,8.0,8.0
0.06,0.06,8.0,8.0
0.06,0.06,1.0,1.0
0.06,0.06,8.0,8.0
0.06,0.06,1.0,1.0
0.06,0.06,1.0,1.0
0.06,0.06,1.0,1.0
0.06,0.06,1.0,1.0
0.06,0.06,1.0,1.0
0.06,0.06,8.0,8.0
0.06,0.06,8.0,8.0
0.06,0.06,8.0,8.0
0.06,0.06,1.0,1.0
0.06,0.06,1.0,1.0
0.06,0.06,1.0,1.0
0.06,0.06,1.0,1.0
0.06,0.06,1.0,1.0
0.06,0.06,1.0,1.0
0.06,0.06,1.0,1.0
0.06,0.06,1.0,1.0
0.06,0.06,1.0,1.0
0.06,0.06,1.0,1.0
0.06,0.06,1.0,1.0
0.06,0.06,1.0,1.0
0.06,0.06,1.0,1.0
0.06,0.06,1.0,1.0
0.06,0.06,1.0,1.0
0.06,0.06,1.0,1.0
0.06,0.06,1.0,1.0
0.06,0.06,1.0,1.0
0.06,0.06,8.0,8.0
0.06,0.06,1.0,1.0
0.06,0.06,1.0,1.0
0.06,0.06,1.0,1.0
0.06,0.06,4.0,4.0
0.06,0.06,1.0,1.0
0.06,0.06,1.0,1.0
0.06,0.06,1.0,1.0
0.06,0.06,1.0,1.0
0.06,0.06,1.0,1.0
0.06,0.06,1.0,1.0
0.06,0.06,1.0,1.0
0.06,0.06,1.0,1.0
0.06,0.06,8.0,8.0
0.06,0.06,1.0,1.0
0.06,0.06,1.0,1.0
0.06,0.06,1.0,1.0
0.06,0.06,1.0,1.0
0.06,0.06,1.0,1.0
0.06,0.06,8.0,8.0
0.06,0.06,1.0,1.0
0.06,0.06,1.0,1.0
0.06,0.06,4.0,4.0
0.06,0.06,1.0,1.0
0.06,0.06,1.0,1.0
0.06,0.06,1.0,1.0
0.06,0.06,1.0,1.0
0.06,0.06,1.0,1.0
0.06,0.06,8.0,8.0
0.06,0.06,1.0,1.0
0.06,0.06,1.0,1.0
0.06,0.06,1.0,1.0
0.06,0.06,1.0,1.0
0.06,0.06,1.0,1.0
0.06,0.06,1.0,1.0
0.06,0.06,8.0,8.0
0.06,0.06,1.0,1.0
0.06,0.06,1.0,1.0
0.06,0.06,8.0,8.0
0.06,0.06,1.0,1.0
0.06,0.06,1.0,1.0
0.06,0.06,4.0,4.0
0.06,0.06,0.25,0.25
0.06,0.06,0.25,0.25
0.06,0.06,0.25,0.25
0.06,0.06,0.25,0.25
0.06,0.06,0.25,0.25
0.06,0.06,0.25,0.25
0.06,0.06,0.25,0.25
0.06,0.06,16.0,16.0
0.06,0.06,0.25,0.25
0.06,0.06,0.25,0.25
0.06,0.06,0.25,0.25
0.06,0.06,0.25,0.25
0.06,0.06,16.0,16.0
0.06,0.06,0.25,0.25
0.06,0.06,0.25,0.25
0.06,0.06,0.25,0.25
0.06,0.06,0.25,0.25
0.06,0.06,0.25,0.25
0.06,0.06,1.0,1.0
0.06,0.06,16.0,16.0
0.06,0.06,16.0,16.0
0.06,0.06,16.0,16.0
0.06,0.06,4.0,4.0
0.06,0.06,0.12,0.12
0.06,0.06,0.12,0.12
0.06,0.06,0.12,0.12
0.06,0.06,0.12,0.12
0.06,0.06,0.12,0.12
0.06,0.06,0.12,0.12
0.06,0.06,0.12,0.12
0.06,0.06,0.12,0.12
0.06,0.06,0.12,0.12
0.06,0.06,8.0,8.0
0.06,0.06,0.12,0.12
0.06,0.06,0.06,0.06
0.06,0.06,0.12,0.12
0.06,0.06,0.12,0.12
0.06,0.06,0.12,0.12
0.06,0.06,0.12,0.12
0.06,0.06,0.12,0.12
0.06,0.06,0.12,0.12
0.06,0.06,0.12,0.12
0.06,0.06,0.12,0.12
0.06,0.06,0.12,0.12
0.06,0.06,0.12,0.12
0.06,0.06,0.12,0.12
0.06,0.06,0.12,0.12
0.06,0.06,0.12,0.12
0.06,0.06,0.12,0.12
0.06,0.06,0.12,0.12
0.06,0.06,0.12,0.12
0.06,0.06,0.06,0.06
0.06,0.06,0.12,0.12
0.06,0.06,8.0,8.0
0.06,0.06,0.12,0.12
0.06,0.06,0.12,0.12
0.06,0.06,0.12,0.12
0.06,0.06,0.12,0.12
0.06,0.06,0.12,0.12
0.06,0.06,0.12,0.12
0.06,0.06,0.12,0.12
0.06,0.06,0.12,0.12
0.06,0.06,0.12,0.12
0.06,0.06,0.12,0.12
0.06,0.06,0.12,0.12
0.06,0.06,0.12,0.12
0.06,0.06,8.0,8.0
0.06,0.06,8.0,8.0
0.06,0.06,0.12,0.12
0.06,0.06,0.12,0.12
0.06,0.06,0.12,0.12
0.06,0.06,0.12,0.12
0.06,0.06,0.12,0.12
0.06,0.06,8.0,8.0
0.06,0.06,0.12,0.12
0.06,0.06,8.0,8.0
0.06,0.06,0.12,0.12
0.06,0.06,0.12,0.12
0.06,0.06,0.12,0.12
0.06,0.06,0.12,0.12
0.06,0.06,0.12,0.12
0.06,0.06,0.12,0.12
0.06,0.06,0.12,0.12
0.06,0.06,0.12,0.12
0.06,0.06,0.12,0.12
0.06,0.06,0.12,0.12
0.06,0.06,0.12,0.12
0.06,0.06,0.12,0.12
0.06,0.06,0.12,0.12
0.06,0.06,0.12,0.12
0.06,0.06,0.12,0.12
0.06,0.06,0.12,0.12
0.06,0.06,0.12,0.12
0.06,0.06,0.12,0.12
0.06,0.06,0.12,0.12
0.06,0.06,0.12,0.12
0.06,0.06,0.12,0.12
0.06,0.06,0.12,0.12
0.06,0.06,0.12,0.12
0.06,0.06,0.12,0.12
0.06,0.06,0.12,0.12
0.06,0.06,0.5,0.5
0.06,0.06,0.12,0.12
0.06,0.06,1.0,1.0
0.06,0.06,8.0,8.0
0.06,0.06,0.12,0.12
0.06,0.06,0.12,0.12
0.06,0.06,0.12,0.12
0.06,0.06,0.12,0.12
0.06,0.06,0.12,0.12
0.06,0.06,0.12,0.12
0.06,0.06,0.12,0.12
0.06,0.06,0.12,0.12
0.06,0.06,0.12,0.12
0.06,0.06,0.12,0.12
0.06,0.06,0.12,0.12
0.06,0.06,0.12,0.12
0.06,0.06,0.12,0.12
0.06,0.06,8.0,8.0
0.06,0.06,8.0,8.0
0.06,0.06,0.12,0.12
0.06,0.06,0.12,0.12
0.06,0.06,0.25,0.25
0.06,0.06,0.12,0.12
0.06,0.06,8.0,8.0
0.06,0.06,0.12,0.12
0.06,0.06,0.12,0.12
0.06,0.06,0.12,0.12
0.06,0.06,0.12,0.12
0.06,0.06,0.12,0.12
0.06,0.06,0.12,0.12
0.06,0.06,0.12,0.12
0.06,0.06,0.12,0.12
0.06,0.06,0.12,0.12
0.06,0.06,0.12,0.12
0.06,0.06,0.12,0.12
0.06,0.06,0.12,0.12
0.06,0.06,8.0,8.0
0.06,0.06,0.12,0.12
0.06,0.06,0.12,0.12
0.06,0.06,0.12,0.12
0.06,0.06,0.12,0.12
0.06,0.06,0.12,0.12
0.06,0.06,0.12,0.12
0.06,0.06,0.12,0.12
0.06,0.06,0.12,0.12
0.06,0.06,0.12,0.12
0.06,0.06,0.12,0.12
0.06,0.06,0.12,0.12
0.06,0.06,0.12,0.12
0.06,0.06,0.12,0.12
0.06,0.06,0.12,0.12
0.06,0.06,0.12,0.12
0.06,0.06,0.12,0.12
0.06,0.06,0.12,0.12
0.06,0.06,0.12,0.12
0.06,0.06,8.0,8.0
0.06,0.06,0.12,0.12
0.06,0.06,0.12,0.12
0.06,0.06,0.12,0.12
0.06,0.06,0.12,0.12
0.06,0.06,0.12,0.12
0.06,0.06,0.12,0.12
0.06,0.06,0.12,0.12
0.06,0.06,0.12,0.12
0.06,0.06,0.12,0.12
0.06,0.06,0.12,0.12
0.06,0.06,0.12,0.12
0.06,0.06,0.12,0.12
0.06,0.06,4.0,4.0
0.06,0.06,0.12,0.12
0.06,0.06,0.12,0.12
0.06,0.06,0.12,0.12
0.06,0.06,8.0,8.0
0.06,0.06,0.12,0.12
0.06,0.06,0.12,0.12
0.06,0.06,0.12,0.12
0.06,0.06,0.12,0.12
0.06,0.06,0.12,0.12
0.06,0.06,0.12,0.12
0.06,0.06,0.12,0.12
0.06,0.06,0.12,0.12
0.06,0.06,0.12,0.12
0.06,0.06,0.12,0.12
0.06,0.06,0.12,0.12
0.06,0.06,0.12,0.12
0.06,0.06,0.12,0.12
0.06,0.06,0.12,0.12
0.06,0.06,0.12,0.12
0.06,0.06,32.0,32.0
0.06,0.06,1.0,1.0
0.06,0.06,0.12,0.12
0.06,0.06,8.0,8.0
0.06,0.06,8.0,8.0
0.06,0.06,32.0,32.0
0.06,0.06,1.0,1.0
0.06,0.06,2.0,2.0
0.06,0.06,0.5,0.5
0.06,0.06,1.0,1.0
0.06,0.06,1.0,1.0
0.06,0.06,0.12,0.12
0.06,0.06,0.25,0.25
0.06,0.06,0.12,0.12
0.06,0.06,0.12,0.12
0.06,0.06,32.0,32.0
0.06,0.06,0.12,0.12
0.06,0.06,2.0,2.0
0.06,0.06,0.06,0.06
0.06,0.06,0.12,0.12
0.06,0.06,1.0,1.0
0.06,0.06,32.0,32.0
0.06,0.06,0.5,0.5
0.06,0.06,32.0,32.0
0.06,0.06,2.0,2.0
1.0,1.0,0.5,0.5
1.0,1.0,0.12,0.12
1.0,1.0,0.5,0.5
1.0,1.0,0.12,0.12
1.0,1.0,0.25,0.25
1.0,1.0,0.12,0.12
1.0,1.0,1.0,1.0
1.0,1.0,0.06,0.06
1.0,1.0,2.0,2.0
1.0,1.0,0.25,0.25
1.0,1.0,0.12,0.12
0.06,0.06,32.0,32.0
0.06,0.06,0.12,0.12
0.06,0.06,0.06,0.06
0.06,0.06,0.12,0.12
0.06,0.06,2.0,2.0
1.0,1.0,16.0,16.0
0.06,0.06,32.0,32.0
0.06,0.06,0.5,0.5
0.06,0.06,0.06,0.06
0.06,0.06,32.0,32.0
0.06,0.06,0.5,0.5
0.06,0.06,16.0,16.0
0.06,0.06,0.06,0.06
0.06,0.06,0.5,0.5
0.06,0.06,2.0,2.0
0.06,0.06,0.5,0.5
0.06,0.06,32.0,32.0
0.06,0.06,0.5,0.5
0.06,0.06,0.25,0.25
0.06,0.06,1.0,1.0
0.06,0.06,0.25,0.25
0.06,0.06,32.0,32.0
0.06,0.06,0.25,0.25
0.06,0.06,0.06,0.06
0.06,0.06,16.0,16.0
0.06,0.06,0.06,0.06
0.06,0.06,16.0,16.0
0.06,0.06,32.0,32.0
0.06,0.06,2.0,2.0
0.06,0.06,0.25,0.25
0.06,0.06,1.0,1.0
0.06,0.06,1.0,1.0
0.06,0.06,8.0,8.0
0.06,0.06,32.0,32.0
0.06,0.06,0.12,0.12
0.06,0.06,8.0,8.0
0.06,0.06,0.12,0.12
0.06,0.06,16.0,16.0
0.06,0.06,0.25,0.25
0.06,0.06,0.5,0.5
0.06,0.06,0.25,0.25
0.06,0.06,0.5,0.5
0.06,0.06,0.5,0.5
0.06,0.06,0.06,0.06
0.06,0.06,16.0,16.0
0.06,0.06,0.06,0.06
0.06,0.06,32.0,32.0
4.0,4.0,0.25,0.25
0.06,0.06,8.0,8.0
0.06,0.06,32.0,32.0
0.06,0.06,32.0,32.0
0.06,0.06,0.25,0.25
0.06,0.06,0.06,0.06
0.06,0.06,0.06,0.06
0.06,0.06,16.0,16.0
0.06,0.06,2.0,2.0
0.06,0.06,0.06,0.06
4.0,4.0,0.5,0.5
0.06,0.06,0.06,0.06
0.06,0.06,8.0,8.0
0.06,0.06,0.5,0.5
0.06,0.06,0.12,0.12
0.06,0.06,16.0,16.0
0.06,0.06,0.06,0.06
0.06,0.06,32.0,32.0
0.06,0.06,32.0,32.0
0.06,0.06,0.25,0.25
0.06,0.06,8.0,8.0
0.06,0.06,0.5,0.5
0.06,0.06,2.0,2.0
0.06,0.06,0.12,0.12
0.06,0.06,32.0,32.0
0.06,0.06,0.12,0.12
0.06,0.06,0.25,0.25
0.06,0.06,16.0,16.0
0.06,0.06,0.06,0.06
0.06,0.06,32.0,32.0
0.06,0.06,32.0,32.0
0.06,0.06,0.06,0.06
0.06,0.06,32.0,32.0
0.06,0.06,0.25,0.25
0.06,0.06,32.0,32.0
0.06,0.06,0.25,0.25
0.06,0.06,0.12,0.12
0.06,0.06,2.0,2.0
0.06,0.06,0.12,0.12
0.06,0.06,32.0,32.0
0.06,0.06,2.0,2.0
0.06,0.06,16.0,16.0
0.06,0.06,32.0,32.0
0.06,0.06,0.5,0.5
0.06,0.06,0.25,0.25
0.06,0.06,0.25,0.25
0.06,0.06,0.25,0.25
0.06,0.06,0.12,0.12
0.06,0.06,32.0,32.0
0.06,0.06,32.0,32.0
0.06,0.06,0.12,0.12
0.06,0.06,1.0,1.0
0.06,0.06,8.0,8.0
0.06,0.06,0.25,0.25
0.06,0.06,0.06,0.06
0.06,0.06,0.06,0.06
0.06,0.06,16.0,16.0
0.06,0.06,32.0,32.0
0.06,0.06,0.12,0.12
0.06,0.06,2.0,2.0
0.06,0.06,0.5,0.5
0.06,0.06,16.0,16.0
0.06,0.06,2.0,2.0
0.06,0.06,32.0,32.0
0.06,0.06,0.25,0.25
0.06,0.06,0.06,0.06
0.06,0.06,0.06,0.06
0.06,0.06,2.0,2.0
0.06,0.06,8.0,8.0
0.06,0.06,2.0,2.0
0.06,0.06,0.5,0.5
0.06,0.06,0.25,0.25
0.06,0.06,0.25,0.25
0.06,0.06,0.12,0.12
0.06,0.06,16.0,16.0
0.06,0.06,8.0,8.0
0.06,0.06,32.0,32.0
0.06,0.06,32.0,32.0
0.06,0.06,0.06,0.06
0.06,0.06,2.0,2.0
0.06,0.06,32.0,32.0
0.06,0.06,0.12,0.12
0.06,0.06,16.0,16.0
0.06,0.06,0.25,0.25
0.06,0.06,0.5,0.5
0.06,0.06,0.12,0.12
0.06,0.06,0.5,0.5
0.06,0.06,0.25,0.25
0.06,0.06,1.0,1.0
0.06,0.06,1.0,1.0
0.06,0.06,1.0,1.0
1.0,1.0,2.0,2.0
0.06,0.06,0.06,0.06
0.06,0.06,16.0,16.0
0.06,0.06,2.0,2.0
0.06,0.06,0.5,0.5
0.06,0.06,32.0,32.0
1.0,1.0,32.0,32.0
0.06,0.06,1.0,1.0
0.06,0.06,0.5,0.5
0.06,0.06,2.0,2.0
0.06,0.06,0.06,0.06
0.06,0.06,1.0,1.0
0.06,0.06,0.12,0.12
0.06,0.06,0.12,0.12
0.06,0.06,1.0,1.0
0.06,0.06,16.0,16.0
0.06,0.06,32.0,32.0
0.06,0.06,0.25,0.25
0.06,0.06,0.06,0.06
0.06,0.06,1.0,1.0
0.06,0.06,0.25,0.25
0.06,0.06,8.0,8.0
0.06,0.06,8.0,8.0
0.06,0.06,8.0,8.0
0.06,0.06,2.0,2.0
0.06,0.06,32.0,32.0
0.06,0.06,0.25,0.25
0.06,0.06,16.0,16.0
0.06,0.06,32.0,32.0
0.06,0.06,8.0,8.0
0.06,0.06,0.06,0.06
0.06,0.06,16.0,16.0
0.06,0.06,16.0,16.0
0.06,0.06,16.0,16.0
0.06,0.06,0.25,0.25
0.06,0.06,0.5,0.5
0.06,0.06,0.25,0.25
0.06,0.06,0.5,0.5
0.06,0.06,0.25,0.25
0.06,0.06,0.12,0.12
0.06,0.06,0.25,0.25
0.06,0.06,16.0,16.0
0.06,0.06,2.0,2.0
0.06,0.06,2.0,2.0
0.06,0.06,16.0,16.0
0.06,0.06,8.0,8.0
0.06,0.06,8.0,8.0
0.06,0.06,32.0,32.0
,,0.25,0.25
,,0.25,0.25
,,0.06,0.06
,,0.5,0.5
,,2.0,2.0
,,8.0,8.0
,,2.0,2.0
,,8.0,8.0
,,8.0,8.0
,,8.0,8.0
,,16.0,16.0
,,8.0,8.0
,,0.12,0.12
,,8.0,8.0
,,2.0,2.0
,,0.5,0.5
,,32.0,32.0
,,32.0,32.0
,,32.0,32.0
,,32.0,32.0
,,1.0,1.0
,,16.0,16.0
,,2.0,2.0
,,0.12,0.12
,,0.5,0.5
,,16.0,16.0
,,32.0,32.0
,,2.0,2.0
,,32.0,32.0
,,32.0,32.0
,,16.0,16.0
,,1.0,1.0
,,2.0,2.0
,,16.0,16.0
,,16.0,16.0
,,32.0,32.0
,,32.0,32.0
,,16.0,16.0
,,16.0,16.0
,,0.12,0.12
,,0.12,0.12
,,32.0,32.0
,,0.06,0.06
,,0.5,0.5
,,0.25,0.25
,,0.25,0.25
,,1.0,1.0
,,0.25,0.25
,,0.5,0.5
,,32.0,32.0
,,0.06,0.06
,,32.0,32.0
,,8.0,8.0
,,0.25,0.25
,,0.25,0.25
,,2.0,2.0
,,0.5,0.5
,,16.0,16.0
,,0.5,0.5
,,32.0,32.0
,,0.25,0.25
,,16.0,16.0
,,16.0,16.0
,,0.5,0.5
,,16.0,16.0
,,32.0,32.0
,,32.0,32.0
,,2.0,2.0
,,2.0,2.0
,,16.0,16.0
,,32.0,32.0
,,32.0,32.0
,,32.0,32.0
,,16.0,16.0
,,8.0,8.0
,,32.0,32.0
,,0.25,0.25
,,8.0,8.0
,,32.0,32.0
,,16.0,16.0
,,8.0,8.0
,,32.0,32.0
,,8.0,8.0
,,8.0,8.0
,,8.0,8.0
,,32.0,32.0
,,1.0,1.0
,,0.12,0.12
,,32.0,32.0
,,8.0,8.0
,,0.06,0.06
,,0.06,0.06
,,0.5,0.5
,,8.0,8.0
,,0.06,0.06
,,32.0,32.0
,,0.5,0.5
,,1.0,1.0
,,16.0,16.0
,,32.0,32.0
,,2.0,2.0
,,8.0,8.0
,,16.0,16.0
,,1.0,1.0
,,32.0,32.0
,,32.0,32.0
,,0.12,0.12
,,8.0,8.0
,,1.0,1.0
,,0.12,0.12
,,0.12,0.12
,,0.25,0.25
,,8.0,8.0
,,0.12,0.12
,,0.12,0.12
,,0.06,0.06
,,16.0,16.0
,,16.0,16.0
,,16.0,16.0
,,16.0,16.0
,,32.0,32.0
,,16.0,16.0
,,0.25,0.25
,,16.0,16.0
,,32.0,32.0
,,1.0,1.0
,,32.0,32.0
,,1.0,1.0
,,8.0,8.0
,,0.5,0.5
,,32.0,32.0
,,0.06,0.06
,,32.0,32.0
,,0.25,0.25
,,0.12,0.12
,,32.0,32.0
,,0.5,0.5
,,16.0,16.0
,,16.0,16.0
,,16.0,16.0
,,32.0,32.0
,,0.12,0.12
,,0.12,0.12
,,1.0,1.0
,,0.12,0.12
,,0.5,0.5
,,0.25,0.25
,,2.0,2.0
,,0.06,0.06
,,32.0,32.0
,,16.0,16.0
,,8.0,8.0
,,8.0,8.0
,,8.0,8.0
,,8.0,8.0
,,8.0,8.0
,,8.0,8.0
,,8.0,8.0
,,8.0,8.0
,,8.0,8.0
,,8.0,8.0
,,8.0,8.0
,,8.0,8.0
,,8.0,8.0
,,8.0,8.0
,,8.0,8.0
,,8.0,8.0
,,8.0,8.0
,,8.0,8.0
,,8.0,8.0
,,8.0,8.0
,,2.0,2.0
,,8.0,8.0
,,8.0,8.0
,,2.0,2.0
,,8.0,8.0
,,8.0,8.0
,,8.0,8.0
,,8.0,8.0
,,8.0,8.0
,,8.0,8.0
,,8.0,8.0
,,8.0,8.0
,,8.0,8.0
,,8.0,8.0
,,8.0,8.0
,,8.0,8.0
,,8.0,8.0
,,8.0,8.0
,,8.0,8.0
,,8.0,8.0
,,8.0,8.0
,,8.0,8.0
,,8.0,8.0
,,8.0,8.0
,,8.0,8.0
,,8.0,8.0
,,1.0,1.0
,,1.0,1.0
,,8.0,8.0
,,8.0,8.0
,,8.0,8.0
,,8.0,8.0
,,8.0,8.0
,,8.0,8.0
,,2.0,2.0
,,8.0,8.0
,,0.25,0.25
,,8.0,8.0
,,1.0,1.0
,,8.0,8.0
,,2.0,2.0
,,0.25,0.25
,,8.0,8.0
,,8.0,8.0
,,8.0,8.0
,,0.5,0.5
,,0.25,0.25
,,8.0,8.0
,,2.0,2.0
,,0.25,0.25
,,1.0,1.0
,,0.25,0.25
,,2.0,2.0
,,0.25,0.25
,,0.25,0.25
,,8.0,8.0
,,8.0,8.0
,,0.5,0.5
,,0.25,0.25
,,1.0,1.0
,,0.25,0.25
,,2.0,2.0
,,1.0,1.0
,,0.5,0.5
,,1.0,1.0
,,8.0,8.0
,,8.0,8.0
,,0.5,0.5
,,0.5,0.5
,,8.0,8.0
,,0.25,0.25
,,0.25,0.25
,,8.0,8.0
,,8.0,8.0
,,8.0,8.0
,,0.25,0.25
,,8.0,8.0
,,8.0,8.0
,,1.0,1.0
,,0.25,0.25
,,1.0,1.0
,,8.0,8.0
,,8.0,8.0
,,8.0,8.0
,,8.0,8.0
,,8.0,8.0
,,8.0,8.0
,,0.25,0.25
,,8.0,8.0
,,0.25,0.25
,,8.0,8.0
,,8.0,8.0
,,0.25,0.25
,,2.0,2.0
,,1.0,1.0
,,0.5,0.5
,,0.25,0.25
,,8.0,8.0
,,0.25,0.25
,,8.0,8.0
,,1.0,1.0
,,1.0,1.0
,,8.0,8.0
,,8.0,8.0
,,8.0,8.0
,,8.0,8.0
,,8.0,8.0
,,8.0,8.0
,,8.0,8.0
,,8.0,8.0
,,8.0,8.0
,,8.0,8.0
,,8.0,8.0
,,8.0,8.0
,,2.0,2.0
,,1.0,1.0
,,1.0,1.0
,,8.0,8.0
,,8.0,8.0
,,0.25,0.25
,,8.0,8.0
,,0.5,0.5
,,8.0,8.0
,,0.5,0.5
,,1.0,1.0
,,0.25,0.25
,,2.0,2.0
,,8.0,8.0
,,8.0,8.0
,,8.0,8.0
,,2.0,2.0
,,8.0,8.0
,,2.0,2.0
,,8.0,8.0
,,2.0,2.0
,,8.0,8.0
,,2.0,2.0
,,2.0,2.0
,,0.25,0.25
,,8.0,8.0
,,8.0,8.0
,,8.0,8.0
,,8.0,8.0
,,8.0,8.0
,,8.0,8.0
